5 0.8785160000000001 0.626953 0.04140630000000001 0.0585938
2 0.687891 0.475 0.105469 0.0296875
11 0.548047 0.9894529999999999 0.0960938 0.0210938
9 0.3968749999999997 0.7363279999999999 0.017187499999999994 0.5011408346253231
0 0.8242190000000003 0.7023439999999997 0.15625 0.0765625
9 0.475781 0.513672 0.0140625 0.0648438
11 0.764063 0.9878910000000001 0.08125 0.024218699999999992
2 0.7441409999999999 0.607422 0.0210938 0.09765620000000003
9 0.881641 0.538281 0.0429688 0.010937499999999998
9 0.7449220000000001 0.525 0.0164062 0.0859375
9 0.4483320258397934 0.9902339999999998 0.11270994832041355 0.016406199999999992
9 0.7441410000000002 0.6976710155038761 0.014843700000000001 0.1000300310077518
9 0.660156 0.990625 0.142188 0.0171875
9 0.8236779793281659 0.47460899999999945 0.18954295865632992 0.025781199999999997
9 0.8520579741602067 0.9902339999999993 0.11036594832041334 0.01796869999999999
9 0.44101599999999996 0.537891 0.0804688 0.0148437
9 0.865625 0.5109380000000001 0.012500000000000002 0.059375
9 0.821875 0.7414059999999998 0.170312 0.0140625
9 0.516016 0.4749999999999999 0.253906 0.0265625
9 0.9074219999999995 0.7369890103359172 0.01953119999999999 0.510816875968992
3 0.5077519379844961 0.8275193798449613 0.05684754521963824 0.027131782945736434
3 0.43863049095607237 0.8281653746770026 0.05297157622739018 0.02842377260981912
3 0.43927648578811374 0.9205426356589147 0.05684754521963824 0.027131782945736434
3 0.5064599483204134 0.9205426356589147 0.05684754521963824 0.027131782945736434
3 0.6679586563307494 0.8934108527131783 0.09302325581395349 0.1434108527131783
8 0.7500000000000003 0.892764857881137 0.060723514211886306 0.062015503875969
8 0.47609819121447033 0.8733850129198965 0.1434108527131783 0.07751937984496124
7 0.43410852713178294 0.7280361757105943 0.05684754521963824 0.060723514211886306
5 0.4334625322997416 0.5833333333333334 0.05297157622739018 0.060723514211886306
4 0.6078811369509043 0.5180878552971575 0.060723514211886306 0.06459948320413444
1 0.7719638242894057 0.5122739018087855 0.040051679586563305 0.05813953488372093
10 0.8714470284237728 0.5678294573643411 0.060723514211886306 0.04263565891472866
