2 0.9250000000000003 0.548828 0.05625 0.0148437
5 0.6972659999999999 0.646094 0.0398437 0.0328125
5 0.3871089999999999 0.792188 0.0335938 0.03125
5 0.6439996468392394 0.7824220000000001 0.03856240632152134 0.024218699999999992
5 0.613672 0.819141 0.028906299999999992 0.0320312
2 0.22460900000000003 0.671094 0.0664062 0.01875
7 0.577344 0.8722659999999999 0.0390625 0.0429688
9 0.9554690000000001 0.7906250000000002 0.009375 0.040625
7 0.5196879710373306 0.634452985518665 0.037186557925339495 0.03796540273868783
2 0.12802326393733757 0.8897036468392389 0.05645297212532471 0.014906118964563555
7 0.15860961787656955 0.5948906918401865 0.03590526424686069 0.03571635745639125
2 0.2371410594822821 0.890234 0.0539686189645639 0.017968699999999976
9 0.576563 0.8464840000000001 0.0375 0.008593750000000002
2 0.9554689999999989 0.6703129999999972 0.06362482528608528 0.020312499999999945
2 0.15707061709809836 0.7699219999999997 0.06398426580380337 0.022656300000000004
7 0.9289059999999999 0.9246089999999998 0.0375 0.0429688
9 0.492188 0.7910159999999999 0.009375 0.0398437
2 0.344531 0.667578 0.0609375 0.0179687
9 0.39066361709809827 0.7436793234196191 0.03898426580380338 0.007953103160760654
9 0.991016 0.670703 0.0179687 0.0164062
9 0.4026171487057044 0.7693510297411408 0.2721110445505577 0.012702972125324974
9 0.13320299999999996 0.647656 0.008593750000000002 0.0390625
0 0.04218749999999999 0.9037270297411407 0.08124999999999999 0.04807805948228212
9 0.3738279999999998 0.7541566468392393 0.007031249999999996 0.027625006321521185
5 0.34396102974114096 0.7511720000000001 0.03792175948228197 0.024218699999999992
9 0.596094 0.6851559999999999 0.0078125 0.0265625
9 0.08593749999999999 0.7972659999999999 0.010937500000000003 0.05234369999999999
9 0.19999999999999993 0.9449220000000002 0.008656118964564002 0.11015600000000013
9 0.6851560000000001 0.785547 0.012499999999999995 0.0351562
9 0.06484389999999997 0.7677183531607606 0.12968779999999994 0.01596862528608518
9 0.514844 0.807031 0.0515625 0.009375
9 0.49257799999999996 0.7484380000000002 0.008593750000000002 0.040625
9 0.009765620000000001 0.7910160000000002 0.008593750000000002 0.0367187
2 0.9058203829019017 0.713460970258859 0.017890565803802987 0.06382779741141009
9 0.18124999999999997 0.8901643234196196 0.0609375 0.009296765803803191
9 0.620624765803803 0.7997182936784785 0.13656253160760706 0.008374912643042385
9 0.15507799999999997 0.632031 0.05078119999999999 0.010937500000000003
9 0.516016 0.7316410000000001 0.05078119999999999 0.010156200000000002
9 0.38945300000000005 0.6677183531607607 0.04609379999999999 0.012000006321521477
9 0.5820309999999999 0.6324220000000002 0.0515625 0.00887490632152132
9 0.9057186468392395 0.871515309482282 0.015124906321521024 0.2569693810354362
9 0.26395270632152096 0.719109940517718 0.016968612643042686 0.10865611896456416
9 0.18384364683923932 0.5150239702588588 0.015124906321521327 0.3079224646594623
9 0.578906 0.6957030000000002 0.0453125 0.008593750000000002
9 0.0863281 0.9031249999999997 0.011718800000000003 0.0609375
9 0.604688 0.649219 0.009375 0.040625
11 0.707812 0.354297 0.1125 0.0335938
9 0.8717346468392363 0.43350720818798677 0.009656206321521168 0.15373475833793984
9 0.28749999999999987 0.667398029741141 0.07031249999999996 0.01135935948228214
11 0.9304690000000001 0.3558589999999999 0.059375 0.0335938
9 0.932813 0.8066410000000002 0.04999999999999998 0.010156200000000002
9 0.18125 0.354297 0.129688 0.02734380000000001
9 0.5651851851851843 0.3541170297411413 0.17587962962962916 0.02542185948228218
11 0.07632744344400455 0.35609495655599516 0.09546426066402723 0.0325014131119911
11 0.43140697103733033 0.3542969999999998 0.0981240579253393 0.032031199999999996
9 0.22460899999999995 0.7680386765803806 0.08515619999999995 0.01632796580380348
9 0.0453125 0.9298669702588591 0.0890625 0.007734265803803041
9 0.29414099999999976 0.8905543234196196 0.07265629999999998 0.009796859482282004
9 0.972656 0.5480470000000001 0.0546875 0.011718800000000003
9 0.1491862649522395 0.6711636765803776 0.09441597323977469 0.017609259482281963
9 0.6854066468392395 0.6972659999999999 0.010437506321521337 0.05390629999999999
9 0.9765619999999999 0.354688 0.046875 0.028125
2 0.6847660000000001 0.7457736765803805 0.016406199999999996 0.055734091089888985
9 0.5921880000000002 0.823047 0.009375 0.047656199999999996
9 0.3366483234196196 0.9048283531607605 0.025140553160760578 0.0396249126430426
9 0.016406199999999996 0.354297 0.0328125 0.025781200000000008
11 0.2717189565559955 0.35539001448133484 0.06281108688800914 0.035780728962669685
9 0.9539059999999993 0.76883238651123 0.09218749999999991 0.017022426977537992
9 0.8784453234196176 0.5307186468392392 0.024359353160760464 0.045656025286085485
9 0.8328119999999992 0.353727029741141 0.1531249999999999 0.027765559482282067
9 0.341797 0.354688 0.0929687 0.028125
5 0.10762866899220809 0.6464087501677003 0.03972010403283871 0.03267298880120607
4 0.035876222997402694 0.6451274564892215 0.04100139771131736 0.042923338229035386
0 0.2927756055323755 0.7175205493232661 0.046126572425232 0.09161249801122466
9 0.4084229293189239 0.7153975130652601 0.00703124999999996 0.10386198019100347
10 0.3885523079986559 0.7226457240371809 0.03779816351512073 0.024985226730334067
10 0.6252713150975895 0.6915743523340736 0.024344579891094648 0.03587622299740305
1 0.38695069090055767 0.6890117649771159 0.03843881035435999 0.02434457989109474
1 0.665632065969668 0.692855646012552 0.026907167248051995 0.038438810354359865
0 0.5826683002881742 0.748591921026374 0.04548592558599273 0.09353443852894276
5 0.5182832929446213 0.6941369396910305 0.03203234196196665 0.037157516675881325
4 0.4308349993884521 0.7444277165713181 0.0390794571935994 0.04164204455055659
9 0.5426278728357149 0.6798596448040484 0.014094230463265345 0.6402807103919004
9 0.5554408096205004 0.6801799682236671 0.01281293678478686 0.6396400635526599
9 0.7332203075094179 0.6697465543721214 0.3478712337069577 0.013453583624026046
4 0.5800559968786166 0.91351267670269 0.042923338229035386 0.038438810354360135
7 0.4596143911016219 0.7933913943453146 0.03779816351512073 0.031391695122727395
4 0.33564922770881084 0.7949930114434132 0.03715751667588136 0.04100139771131731
10 0.035555899577783025 0.7921101006668362 0.02498522673033403 0.036516869836641694
1 0.06918985863784803 0.7924304240864559 0.02562587356957335 0.03843881035436037
2 0.0864873232973101 0.8484870225198975 0.014094230463265349 0.05701756869230087
9 0.09545637904666071 0.8901290670704545 0.011531643106308005 0.009609702588589997
9 0.34434767609114175 0.9606002193867808 0.008328408910111322 0.07879956122643808
7 0.6489752481494452 0.6463629447398879 0.037157516675881394 0.0333136356404454
4 0.7697371773460597 0.6447613276417896 0.03779816351512059 0.04292333822903533
5 0.9295288476836729 0.8347131154762519 0.03331363564044547 0.034594929318924134
9 0.9055045912121973 0.6791625434868322 0.013453583624026632 0.010250349427829325
9 0.9170362343185056 0.6705138111571014 0.022422639373376126 0.01473487730250473
9 0.8936526246862703 0.5484705882820085 0.01025034942782933 0.007687762070871997
