11 0.24609399999999998 0.12031200000000002 0.04375 0.08281250000000001
9 0.6137409417207849 0.09999999999999996 0.016822150324707373 0.14531299999999991
9 0.9925779999999998 0.419531 0.013281300000000001 0.129688
9 0.46210900000000005 0.243359 0.008593750000000002 0.13515599999999997
11 0.247266 0.23828100000000002 0.0382813 0.08281250000000001
5 0.927344 0.6089839999999999 0.025 0.0195312
8 0.475781 0.44648399999999994 0.045312500000000006 0.0882813
3 0.5757810000000002 0.5944177668831383 0.025 0.05078119999999999
11 0.24531199999999997 0.673047 0.03593749999999999 0.0851562
9 0.853125 0.47617200000000004 0.0390625 0.008593750000000002
9 0.6137162913960779 0.2336759602274602 0.017603350324707324 0.12582035552002607
11 0.246875 0.8148440000000001 0.040624999999999994 0.08281250000000001
9 0.4777339999999976 0.3195726595994901 0.010156199999999966 0.026480180801018566
9 0.9492189999999989 0.8801713174558167 0.01874999999999998 0.07624012169612192
9 0.736327999999999 0.6361752927679587 0.014843699999999975 0.009511543392244148
9 0.7355470000000003 0.353516 0.0148437 0.0117188
9 0.9921880000000001 0.5863280000000001 0.009375000000000001 0.0804688
9 0.5472659999999998 0.2859566410713701 0.14921899999999996 0.02183751785726081
5 0.8425779999999967 0.416881585535918 0.033593799999999945 0.05224018428734775
9 0.9324220000000001 0.0273438 0.010156199999999999 0.046875
9 0.9628910000000002 0.043359400000000006 0.0679687 0.0117188
3 0.9375 0.6644530000000001 0.025 0.04921880000000001
8 0.544531 0.7167970000000002 0.0859375 0.047656199999999996
5 0.44218700000000005 0.2 0.0328125 0.03437500000000001
8 0.854297 0.682422 0.0445312 0.0882813
3 0.832031 0.025781199999999997 0.0265625 0.05
9 0.995313 0.026562500000000003 0.0078125 0.045312500000000006
11 0.24609399999999998 0.47343700000000005 0.037500000000000006 0.08281250000000001
3 0.937891 0.805859 0.02734380000000001 0.05078119999999999
3 0.870703 0.025390599999999996 0.025781200000000008 0.05078119999999999
9 0.914844 0.6285159999999999 0.16249999999999998 0.021093799999999992
9 0.816406 0.6351560000000002 0.046875 0.0109375
9 0.40347209529256645 0.4018840582792155 0.2916975587670978 0.011580116558430855
9 0.593359 0.8863279999999999 0.0117188 0.05703130000000001
11 0.9902340000000001 0.9285159999999999 0.0179687 0.0460938
9 0.6027339999999957 0.5112530974043396 0.03046879999999982 0.07094344480868411
9 0.4691409999999987 0.24298546383979613 0.01953119999999998 0.1390949276795924
5 0.974219 0.4417969999999999 0.025 0.0335938
9 0.746875 0.524609 0.0328125 0.008593750000000002
5 0.974219 0.391016 0.025 0.0335938
3 0.6089839999999991 0.6668603506200677 0.02421869999999997 0.2351307074408122
9 0.5921879999999984 0.6724328478015785 0.01249999999999998 0.2535713043968432
9 0.4390629999999999 0.601172 0.0125 0.05703130000000001
3 0.9378910000000001 0.7109379999999998 0.025781200000000008 0.05
9 0.9648439999999999 0.47656200000000004 0.053125 0.0109375
3 0.9378910000000001 0.7582030000000001 0.025781200000000008 0.05078119999999999
5 0.44375 0.29296900000000003 0.0328125 0.037500000000000006
9 0.784375 0.5027340000000001 0.10625 0.0195312
2 0.73125 0.7218750000000002 0.017187500000000005 0.06406249999999998
9 0.9541442927679585 0.7398956578563258 0.010462214464081094 0.21260331571265198
2 0.592578 0.828906 0.0179687 0.065625
5 0.335938 0.6089839999999999 0.0328125 0.0351562
2 0.577734 0.40156299999999995 0.0679687 0.017187500000000005
9 0.6170825876218002 0.43906300000000015 0.010005274269202075 0.0796875
3 0.8316409999999985 0.14577112169612227 0.027343799999999984 0.13501975660775536
2 0.769922 0.6351560000000002 0.055468699999999996 0.015625
5 0.39726600000000006 0.6074219999999999 0.0351562 0.0367187
2 0.478906 0.623438 0.0625 0.018750000000000003
9 0.344531 0.0277344 0.175 0.024218699999999992
9 0.5488279999999994 0.623752146383979 0.08671879999999993 0.010615121696122283
9 0.8367190000000001 0.353906 0.07968749999999998 0.0140625
9 0.351172 0.582422 0.188281 0.0195312
5 0.40664100000000003 0.560938 0.0351562 0.028125
3 0.869922 0.146094 0.02734380000000001 0.135937
9 0.969922 0.353125 0.05859380000000001 0.0140625
9 0.4388108834415692 0.102734 0.016128933116861817 0.153906
2 0.477344 0.3609379999999999 0.017187500000000005 0.06406249999999998
9 0.7312499999999988 0.4316651957596942 0.010937499999999975 0.15551839151938884
2 0.911719 0.474219 0.0609375 0.017187500000000005
2 0.911719 0.352344 0.065625 0.020312499999999997
2 0.7730469999999999 0.353125 0.06328130000000001 0.018750000000000003
9 0.838281 0.560547 0.0109375 0.155469
3 0.8105470000000001 0.821484 0.0320312 0.0351562
9 0.7316409999999999 0.8355469999999999 0.0117188 0.167969
3 0.3453129999999999 0.4738280000000001 0.0328125 0.0335938
3 0.382422 0.782031 0.0335938 0.0328125
3 0.5183589999999999 0.42773399999999995 0.0414063 0.0351562
11 0.36171900000000007 0.927344 0.08281250000000001 0.046875
9 0.24726600000000004 0.17929699999999996 0.0367187 0.05234369999999999
11 0.6640619999999999 0.927734 0.08281250000000001 0.047656199999999996
3 0.517578 0.4703129999999999 0.0398437 0.03437500000000001
9 0.7308589999999944 0.6006723928727702 0.008593749999999945 0.18605812788921722
3 0.43476600000000004 0.46210899999999994 0.0367187 0.0414063
9 0.24648399999999998 0.35664100000000004 0.0351562 0.169531
9 0.24609399999999998 0.0449219 0.03593749999999999 0.0898438
9 0.246875 0.8984380000000001 0.03593749999999999 0.103125
3 0.522266 0.759766 0.0351562 0.0382813
9 0.8675780000000001 0.41796900000000003 0.0164062 0.129688
9 0.24609399999999998 0.74375 0.03593749999999999 0.07500000000000001
3 0.35820300000000005 0.133203 0.0351562 0.0351562
3 0.8148439999999999 0.701953 0.037500000000000006 0.0351562
3 0.5664059999999999 0.759375 0.037500000000000006 0.040624999999999994
3 0.895703 0.693359 0.0382813 0.0429688
3 0.8152340000000001 0.665625 0.0367187 0.03437500000000001
3 0.390625 0.346094 0.037500000000000006 0.0390625
11 0.8292969999999997 0.927344 0.0789063 0.045312500000000006
9 0.4324219999999999 0.9300780000000001 0.0757812 0.0367187
3 0.310156 0.3433590000000001 0.03593749999999999 0.0445312
9 0.24648399999999998 0.573047 0.0367187 0.12890599999999997
11 0.5031250000000002 0.9285159999999999 0.078125 0.0460938
9 0.9253910000000001 0.9308590000000001 0.12265599999999999 0.0367187
9 0.27890600000000004 0.9292969999999999 0.096875 0.0382813
9 0.7472659999999999 0.9296880000000001 0.09921869999999998 0.037500000000000006
3 0.534375 0.6785159999999999 0.0421875 0.0382813
9 0.5835939999999998 0.9292970000000002 0.0921875 0.0367187
9 0.5243430732891838 0.024836852922366193 0.19317552272951477 0.016557901948244132
9 0.5220433646852619 0.17247814529420957 0.18121703798911412 0.017477785389813257
8 0.34956521939105106 0.35369518328332605 0.047833938961594116 0.08922869383220451
3 0.34772545250791287 0.5606689576363777 0.05151347272787061 0.02667661980550444
3 0.5757810000000002 0.5465838279215443 0.025 0.05078119999999999
9 0.6135355717462014 0.4011353911583738 0.01599290682078053 0.01028115438478735
10 0.8737131536401935 0.6028978534576137 0.023875125182451114 0.03706927330959498
10 0.7659609439351839 0.4731553968740313 0.024503417950410313 0.04523707929306526
