3 0.5023440000000001 0.8669169896640827 0.189063 0.15054102067183464
0 0.4464839999999998 0.6478070206718349 0.07890629999999998 0.07998824134366928
7 0.957812 0.688672 0.0578125 0.0679687
9 0.3988279999999993 0.733639046511628 0.022656299999999966 0.5164347622739017
2 0.6296869999999999 0.6898439999999999 0.09218750000000002 0.0265625
5 0.427734 0.569531 0.0429688 0.059375
3 0.9523440000000001 0.8769529999999999 0.075 0.18046900000000002
9 0.574219 0.525391 0.01875 0.0757812
9 0.6910160000000001 0.9917970000000002 0.144531 0.0148437
9 0.46679700000000013 0.9917970000000002 0.125781 0.0164062
9 0.5350059793281655 0.47707298966408224 0.289181855297158 0.027103520671834552
9 0.4593749999999999 0.5046869999999999 0.010937499999999998 0.0390625
2 0.575 0.603906 0.025000000000000005 0.101562
9 0.5751199896640827 0.6675779999999999 0.01538472067183462 0.05703129999999998
9 0.95 0.9921880000000001 0.09375 0.015625
9 0.4921880000000002 0.6925779999999997 0.17506006201550442 0.014843699999999998
9 0.953516 0.539844 0.0820312 0.0140625
9 0.8854422758397934 0.4775989948320412 0.22911544832041325 0.02761431033591731
9 0.917188 0.516406 0.012500000000000002 0.0625
9 0.4335940000000001 0.5207030000000001 0.059375 0.011718799999999998
9 0.6866925064599485 0.8417312661498706 0.014211886304909558 0.295865633074935
9 0.6808785529715758 0.697674418604651 0.023255813953488667 0.012919896640826873
10 0.4954780361757105 0.516795865633075 0.040051679586563284 0.05943152454780378
1 0.5478036175710596 0.5161498708010336 0.04134366925064601 0.060723514211886306
3 0.6285529715762274 0.5161498708010336 0.09689922480620158 0.060723514211886306
3 0.7978036175710593 0.6660206718346253 0.05555555555555555 0.032299741602067174
3 0.7312661498708011 0.6660206718346253 0.05167958656330749 0.032299741602067174
3 0.7306201550387594 0.7596899224806202 0.05555555555555555 0.0310077519379845
3 0.8003875968992247 0.7590439276485786 0.05555555555555555 0.032299741602067174
4 0.8152454780361755 0.5213178294573645 0.06201550387596901 0.06847545219638257
5 0.9625322997416018 0.5775193798449613 0.05167958656330749 0.05684754521963824
9 0.9935400516795858 0.739018087855297 0.012919896640826873 0.5116279069767442
8 0.8720930232558141 0.8533591731266148 0.062015503875969 0.060723514211886306
8 0.7642118863049095 0.7157622739018088 0.1434108527131783 0.07493540051679587
2 0.7260981912144701 0.47803617571059426 0.10335917312661465 0.031007751937984485
11 0.5742894056847543 0.9883720930232559 0.0994832041343669 0.023255813953487928
11 0.8346253229974165 0.9896640826873386 0.15503875968992253 0.020671834625323005
8 0.4270025839793281 0.774547803617571 0.040051679586563305 0.040051679586563305
8 0.42571059431524544 0.962532299741602 0.037467700258397935 0.04392764857881151
3 0.4560723514211885 0.7254521963824289 0.09560723514211883 0.05555555555555555
