3 0.163672 0.4625 0.0804688 0.0484375
9 0.21953100000000003 0.6378910000000001 0.0203125 0.0148437
8 0.13848882516235372 0.24648400000000004 0.033228450324707344 0.036718700000000014
4 0.453125 0.7421880000000001 0.053125 0.0546875
9 0.9871090000000001 0.6910159999999999 0.025781200000000008 0.07109380000000001
9 0.123828 0.6374999999999998 0.0210938 0.015625
8 0.49531299999999995 0.335938 0.053125 0.053125
0 0.2652340000000001 0.704297 0.0648438 0.12265600000000002
9 0.3316410000000001 0.49122382516235386 0.024218700000000003 0.012865349675292972
9 0.227734 0.707812 0.0164062 0.139062
9 0.4234379999999999 0.6996090000000001 0.0109375 0.132031
8 0.539844 0.4761719999999999 0.117188 0.0679687
9 0.33867200000000003 0.3572388251623537 0.013281299999999996 0.27697865032470725
9 0.183562727110598 0.491475941720785 0.13431295422119507 0.012361416558431003
9 0.375 0.753906 0.009375 0.03593749999999999
7 0.5749999999999998 0.589844 0.05 0.053125
9 0.9757809999999999 0.758984 0.0453125 0.0804688
9 0.26450330064941485 0.6367189999999999 0.07255509870117087 0.014062499999999988
2 0.33515600000000006 0.636328 0.07656250000000002 0.0195312
3 0.513281 0.43632799999999994 0.0453125 0.024218699999999992
2 0.171484 0.6371090000000001 0.0851562 0.022656300000000004
3 0.20429700000000003 0.3246089999999999 0.16484400000000002 0.124219
2 0.28593699999999994 0.49218799999999996 0.075 0.0203125
9 0.5390619999999999 0.744922 0.0109375 0.053906300000000004
5 0.5730470000000001 0.672656 0.0429688 0.0515625
3 0.557422 0.4363280000000001 0.0445312 0.022656300000000004
9 0.6074219999999995 0.490114757629801 0.01796869999999999 0.5849165152596014
9 0.11367199999999994 0.4262162913960772 0.017968699999999994 0.43836958279215443
9 0.398438 0.6359379999999999 0.059375 0.0140625
3 0.566406 0.315625 0.06406249999999998 0.151562
9 0.5699220000000002 0.723437 0.06953119999999999 0.0125
9 0.41813253376627657 0.7759888251623535 0.3927928344156911 0.015209049675292916
5 0.333594 0.7503909999999999 0.0515625 0.0335938
3 0.5125 0.517187 0.0453125 0.025
9 0.3968749999999999 0.739844 0.05 0.009375
3 0.557422 0.516406 0.0445312 0.025
11 0.453516 0.20624999999999996 0.132031 0.040625
11 0.234766 0.209766 0.0867188 0.0445312
9 0.151953 0.207422 0.0929687 0.0335938
9 0.5644529999999999 0.20703100000000002 0.103906 0.0328125
9 0.333203 0.20703100000000002 0.124219 0.0328125
3 0.16367200000000004 0.5204526568188544 0.0804688 0.0484375
1 0.3942638828234076 0.6641117547995493 0.052433356169439074 0.03311580389648833
10 0.3961036497065456 0.7110258103195745 0.05059358928630151 0.03311580389648818
8 0.13848882516235375 0.40654371883302676 0.033228450324707344 0.036718700000000014
