5 0.702344 0.7058589999999999 0.04999999999999999 0.0460938
8 0.5730470000000001 0.529688 0.12890600000000002 0.0625
9 0.47397140188605397 0.587961700943027 0.07208469245577918 0.011575898113944678
2 0.40483040188605474 0.7367189999999982 0.09346419622788912 0.026562499999999965
7 0.7751070514145397 0.6319592990569715 0.05134819717091703 0.05440169622789005
5 0.221484 0.633594 0.0398437 0.0546875
9 0.35507799999999995 0.5875 0.024218699999999996 0.010937500000000003
3 0.7652340000000002 0.40937500000000004 0.0695312 0.170312
9 0.217578 0.685938 0.0382813 0.010937500000000003
9 0.2767025466994035 0.7378909999999981 0.1752810933988073 0.014843699999999977
2 0.34023399999999865 0.6360785466994031 0.021093799999999944 0.08309359339880792
9 0.8101559999999942 0.5155561542436231 0.01874999999999992 0.45626413111990827
9 0.339063 0.7023440000000001 0.0140625 0.0609375
9 0.339063 0.559766 0.015625 0.0867188
9 0.7394530000000001 0.7074220000000001 0.010156200000000002 0.0523437
9 0.7695310000000001 0.685547 0.0734375 0.013281300000000001
9 0.23125 0.7093749999999999 0.010937500000000003 0.053125
9 0.26981494858545846 0.5200290514145408 0.14900389717091736 0.01150439717091694
0 0.26679699999999973 0.556002401886055 0.13359399999999988 0.06299539622788936
9 0.5031249999999968 0.4493948971709162 0.0139195981139447 0.29028162640477023
9 0.1949219999999995 0.5166899485854581 0.01796869999999997 0.44575533677807433
11 0.6594467009430265 0.2925779999999997 0.13536639245577856 0.044531199999999924
11 0.40433235047151306 0.29442394858545823 0.08763819151275218 0.04509809717091723
9 0.635156 0.7375 0.364062 0.01875
9 0.2757809999999996 0.29339535047151366 0.1749999999999998 0.03494189717091714
9 0.5195309999999995 0.29346705141454127 0.15468699999999985 0.03494189717091728
9 0.770703 0.2930407009430275 0.10078099999999997 0.03423209811394487
3 0.28791106260948096 0.41169620891718706 0.1662766838903721 0.13557944994138058
2 0.4021729889751725 0.5877789536523766 0.07930118770156326 0.017054018860550853
10 0.26787259044833395 0.7071570856762355 0.034108037721102165 0.05286745846770832
4 0.6021313601151348 0.7037462819041254 0.054572860353763464 0.05798366412587361
3 0.5347679856159582 0.7054516837901804 0.08697549618881041 0.05286745846770832
3 0.4733735177179743 0.37886722261062755 0.0545728603537634 0.08356469241670027
3 0.47337351771797403 0.4598738121982451 0.0545728603537634 0.08356469241670027
3 0.47337351771797403 0.5417331027288903 0.0545728603537634 0.08356469241670027
3 0.5526747054195363 0.5702985843203128 0.04775125280954299 0.023022925461743417
3 0.5995732572860517 0.5711512852633402 0.047751252809542996 0.02302292546174342
3 0.5543801073055914 0.4867338919036125 0.047751252809542996 0.02302292546174342
3 0.598720556343024 0.4867338919036125 0.047751252809542996 0.02302292546174342
8 0.7010446695063305 0.395068540528151 0.05286745846770828 0.05286745846770836
1 0.3156238432578769 0.7063043847332079 0.035813439607157244 0.054572860353763464
