11 0.17829457364341084 0.6007751937984496 0.12144702842377261 0.03875968992248062
5 0.035529715762273886 0.9864341085271316 0.047803617571059415 0.02713178294573674
1 0.08462532299741589 0.987080103359172 0.04521963824289399 0.025839793281655452
10 0.11207068324465624 0.9408760962410081 0.04588720888757578 0.031768067691398574
5 0.2532620952064275 0.981468627180016 0.03882763828948713 0.03706274563996788
7 0.3022378662306674 0.9307279635062556 0.04500476256281472 0.048534547861859026
4 0.16413501640555953 0.9011660116267598 0.05294677948566437 0.04588720888757561
2 0.05029944051138115 0.8821934156443966 0.07236059863040796 0.01676648017046045
9 0.1667823553798427 0.9576425764114685 0.06000635008375294 0.01235424854665499
9 0.12089514649226679 0.9580837995738459 0.0335329603409205 0.00794201692284966
9 0.10809967478323075 0.9779388418809699 0.007942016922849625 0.04412231623805557
9 0.1354555108508243 0.9395524267538657 0.011471802221893928 0.12089514649226826
9 0.19193207563553272 0.97617394923145 0.009706909572371813 0.04765210153709993
9 0.108982121107992 0.8830758619691514 0.05912390375899196 0.009706909572371665
9 0.29164851033353406 0.6020167075327546 0.1156004685436996 0.03176806769139853
9 0.061771242733274986 0.6024579306951333 0.12354248546654997 0.032650514016159475
9 0.3348883802468236 0.7935075600059052 0.02912072871711512 0.4129848799881814
