9 0.514844 0.053125 0.012499999999999995 0.104687
2 0.12184530442319003 0.7609379999999994 0.06880939115362002 0.0203125
9 0.6441410000000002 0.8059551884937214 0.10641148141063365 0.022847376987443224
9 0.16367199999999996 0.760547 0.0320312 0.0164062
3 0.7807902185594454 0.6324219999999996 0.10220443711889056 0.02421869999999998
9 0.594141 0.7835939999999999 0.010156200000000002 0.053125
9 0.8890262026598984 0.2292140150328618 0.22194759468020298 0.015008969934276653
2 0.5591098840705319 0.10390600000000004 0.06046615929468332 0.01718750000000001
9 0.8909054637178733 0.7617189999999997 0.20725207256425343 0.013561463717873305
2 0.6835940000000003 0.600781 0.07187499999999998 0.0203125
9 0.27357723185893645 0.8063308407053157 0.19859868141063317 0.02572180884638015
9 0.33842947788404965 0.09217265221159514 0.03826450794977354 0.04065469557680999
9 0.045282804423190014 0.7605469999999991 0.09056560884638003 0.01328129999999999
9 0.42239913009564484 0.601968347788405 0.20658556634785033 0.011748395576809843
9 0.7765630000000001 0.0410156 0.0140625 0.0820312
9 0.3820309999999998 0.7615787681410634 0.0296875 0.012780163717873319
9 0.7761720000000001 0.18281200000000003 0.0148437 0.07968749999999998
9 0.483594 0.7605470000000001 0.0578125 0.0148437
9 0.572656 0.22890600000000003 0.12343799999999999 0.017187500000000005
9 0.372656 0.7878909999999999 0.012499999999999995 0.061718800000000004
9 0.06328129999999994 0.8816852933652151 0.012499999999999989 0.2366294132695692
9 0.17343800000000006 0.7882809999999999 0.012499999999999995 0.0609375
9 0.515234 0.16445299999999996 0.013281300000000001 0.119531
9 0.792578 0.7781249999999998 0.011718800000000003 0.0453125
9 0.8337028102132216 0.6006279870923891 0.24865662042644907 0.012194474184782828
2 0.7761719999999989 0.11093700000000005 0.0195312 0.07093231858936665
9 0.6947817681410612 0.9015924455768101 0.011998963717873288 0.19681510884637898
9 0.4828120000000001 0.8781249999999997 0.012499999999999995 0.21875
9 0.273047 0.9078119999999998 0.013281300000000001 0.178125
9 0.7459683659887945 0.7998369806337099 0.10317681410633459 0.01238121769275994
3 0.13567751054982924 0.8730925186492087 0.036111884937216954 0.04127072564253356
3 0.09750208933048565 0.8730925186492087 0.036111884937216954 0.04127072564253356
3 0.028373623879241857 0.8658701416617656 0.036111884937216954 0.04127072564253356
3 0.12123275657494247 0.959761042498529 0.046429566347850316 0.04127072564253356
3 0.34718997946781416 0.9592451584279982 0.036111884937216954 0.03611188493721737
3 0.19294064237884437 0.9814281734608593 0.03714365307828027 0.037143653078280436
3 0.6206085368495993 0.9375780274656681 0.036111884937216954 0.03611188493721737
3 0.42457259004756454 0.9607928106395923 0.046429566347850316 0.04127072564253356
3 0.5421941581287852 0.9587292743574656 0.046429566347850316 0.04127072564253356
3 0.8579152092941675 0.8276947204424212 0.046429566347850316 0.04127072564253356
3 0.3884607051103473 0.542410829438408 0.042302493783597066 0.04642956634785027
3 0.703665872205198 0.7693998204723436 0.14032046718461422 0.025794203526583376
3 0.2729026733112535 0.768883936401812 0.14135223532567762 0.02476243538552005
3 0.406516647578956 0.6306270054993243 0.10730388667058735 0.02476243538552005
3 0.4121913723548044 0.8730925186492087 0.036111884937216954 0.04127072564253356
3 0.4493350254330846 0.8730925186492087 0.036111884937216954 0.04127072564253356
3 0.5194952590253918 0.8730925186492087 0.036111884937216954 0.04127072564253356
3 0.5556071439626088 0.8730925186492087 0.036111884937216954 0.04127072564253356
3 0.47512922895966775 0.5357043365214964 0.04230249378359706 0.03920718936040666
3 0.47616099710073106 0.57387975774084 0.04230249378359706 0.03920718936040666
3 0.7877549757018599 0.5295137276751164 0.04230249378359706 0.03920718936040666
3 0.7887867438429229 0.5676891488944599 0.04230249378359706 0.03920718936040666
3 0.878550572115434 0.5496332064258513 0.042302493783597066 0.04642956634785027
3 0.2925062679914568 0.8431712425583724 0.02785773980871018 0.05571547961742072
3 0.25536261491317647 0.8431712425583723 0.02785773980871018 0.05571547961742072
3 0.6763240164670193 0.8431712425583723 0.02785773980871018 0.05571547961742072
8 0.11349449551696733 0.9169426646444012 0.09285913269570054 0.054683711476357526
8 0.23266371580978326 0.9422209841004527 0.050556638912103734 0.09492266897782735
8 0.3084986741779387 0.9365462593246047 0.05365194333529345 0.09389090083676402
8 0.4323108511055391 0.9179744327854644 0.08873206013144713 0.05674724775848374
8 0.5339400130002785 0.9179744327854646 0.09182736455463723 0.05468371147635727
8 0.6613633784216008 0.9344827230424778 0.05158840705316712 0.09389090083676392
5 0.1975835990136295 0.831305908936144 0.038175421219343586 0.0278577398087106
5 0.34925351574994046 0.8313059089361441 0.038175421219343586 0.0278577398087106
5 0.6190608846380042 0.8313059089361442 0.03714365307828023 0.029921276090836835
3 0.9342660517328547 0.8276947204424212 0.046429566347850316 0.04127072564253356
8 0.43097987020356804 0.5522126267785107 0.05468371147635688 0.09285913269570066
3 0.4057015507475161 0.4139556958760228 0.03508011679615359 0.03714365307828023
3 0.8380124018530556 0.42117807286346626 0.03508011679615359 0.03714365307828023
8 0.8323376770772073 0.5511808586374475 0.05468371147635688 0.09285913269570066
5 0.6466194116858062 0.4216939569339979 0.036111884937216836 0.03611188493721691
5 0.6491988320384644 0.4877271179620517 0.03508011679615359 0.0340483486550902
5 0.5934833524210441 0.4784412046924816 0.03508011679615359 0.0340483486550902
5 0.5924515842799807 0.40879685517070624 0.03714365307828023 0.03508011679615359
4 0.6522941364616546 0.36494670917551425 0.04746133448891362 0.04230249378359696
4 0.5909039320683857 0.35204960741222247 0.04849310262997694 0.04333426192466027
9 0.6022533816200825 0.6001898453379559 0.029921276090836856 0.011349449551697088
9 0.620825208159223 0.46348056664706355 0.019603594680203583 0.27238678924072235
9 0.6414605709804895 0.6012216134790191 0.029921276090836856 0.011349449551697088
9 0.46915529142291207 0.327803056097234 0.30230806533155874 0.013412985833823448
9 0.7771380815303189 0.33399366494361404 0.3136575148832573 0.025794203526583417
2 0.31748537468660054 0.2782781853261936 0.02166713096233011 0.07531907429762383
3 0.3348087617750537 0.51816427812342 0.02785773980871018 0.05571547961742072
3 0.3348087617750537 0.5697526851765871 0.02785773980871018 0.05571547961742072
3 0.9456155012845511 0.5191960462644833 0.02785773980871018 0.05571547961742072
3 0.9445837331434878 0.5718162214587136 0.02785773980871018 0.05571547961742072
9 0.9329350708308827 0.40858018386108264 0.01857182653914015 0.17746412026289446
9 0.8364647496414606 0.6242197253433206 0.009285913269570144 0.04127072564253343
9 0.9329350708308827 0.6407280156003342 0.053651943335293675 0.010317681410633392
9 0.8472983151226255 0.6407280156003341 0.02888950794977347 0.008254145128506614
9 0.6130869471012474 0.6247356094138525 0.03714365307828023 0.042302493783597114
9 0.701303123162163 0.22286191846968148 0.14960638045418426 0.026825971667646838
3 0.48979065424417845 0.19139299016724962 0.04230249378359696 0.06912846545124379
3 0.4913383064557734 0.12897101763291752 0.04333426192466027 0.07016023359230711
3 0.49185419052630514 0.06500139288699043 0.04436603006572366 0.06603316102805377
3 0.34327957821318406 0.14238400346674093 0.044366030065723594 0.06809669731018048
3 0.343279578213184 0.20429009193054135 0.044366030065723594 0.06809669731018048
3 0.34121604193105753 0.041270725642533604 0.044366030065723594 0.06809669731018048
10 0.593999236491576 0.03508011679615355 0.03817542121934323 0.026825971667646838
9 0.6136028311717792 0.09234324862516895 0.040238957501470246 0.03817542121934357
9 0.6218569763002858 0.03817542121934356 0.02373066724445681 0.07635084243868712
0 0.6672547745070727 0.03765953714881192 0.07325553801549707 0.06293785660486376
0 0.7363832399583164 0.03869130528987526 0.07325553801549733 0.060874320322737076
9 0.9674993035565046 0.3281022688581421 0.0650013928869905 0.016508290257013444
2 0.4272486741779386 0.7609379999999993 0.06880939115362002 0.0203125
2 0.5417749378359694 0.7599062318589361 0.06880939115362002 0.0203125
2 0.558283228092983 0.5999821699941182 0.06880939115362002 0.0203125
3 0.013412985833823422 0.9525386655110859 0.026825971667646845 0.04333426192466022
5 0.6677706585776044 0.19809948308416128 0.0371436530782803 0.030953044231900182
5 0.73431970367619 0.1986153671546929 0.03817542121934361 0.029921276090836856
