9 0.8671719844961239 0.005468749999999998 0.08909273100775163 0.0078124999999999965
9 0.8692459741602063 0.09843749999999997 0.09275875167958623 0.010937499999999994
9 0.9609380000000001 0.16601600000000002 0.06406249999999998 0.011718799999999998
9 0.5 0.4437984496124021 1.0 0.03746770025839792
9 0.917312661498708 0.2215762273901808 0.03875968992248062 0.4431524547803616
9 0.9896640826873383 0.11821705426356587 0.012919896640826873 0.10206718346253227
9 0.9644702842377262 0.06459948320413438 0.06072351421188632 0.015503875968992241
9 0.8268733850129193 0.054263565891472874 0.012919896640826873 0.09819121447028425
9 0.2222222222222222 0.03229974160206718 0.14987080103359174 0.01550387596899225
9 0.15568475452196384 0.07881136950904391 0.014211886304909563 0.09560723514211887
9 0.22222222222222215 0.11821705426356584 0.14987080103359177 0.016795865633074968
9 0.2919896640826871 0.07751937984496121 0.012919896640826873 0.10077519379844956
