9 0.011718799999999998 0.9410160000000001 0.010937499999999998 0.04140630000000001
9 0.568359 0.942187 0.010156199999999999 0.0453125
9 0.48828099999999997 0.9214839999999999 0.0328125 0.008593750000000002
9 0.9332029999999999 0.919922 0.013281300000000001 0.028906299999999992
9 0.8488280000000004 0.9554690000000001 0.0179687 0.05000000000000002
9 0.375781 0.9363280000000002 0.0140625 0.05859380000000001
9 0.931641 0.9550780000000002 0.0164062 0.0429688
2 0.3761720000000001 0.878906 0.0179687 0.06406249999999998
2 0.9347660000000001 0.8800779999999999 0.0195312 0.07109380000000001
9 0.478906 0.941406 0.009375 0.04374999999999999
9 0.5273719354005171 0.9679689999999962 0.4779996847545222 0.02031249999999997
9 0.4359370000000001 0.780469 0.13750000000000004 0.012500000000000004
2 0.801562 0.9664059999999999 0.07656250000000002 0.01875
0 0.441797 0.8101560000000001 0.119531 0.05625
9 0.376953 0.8144530000000002 0.013281300000000001 0.0742188
9 0.542969 0.9210940000000001 0.0578125 0.010937499999999998
9 0.9644529999999999 0.9679690000000001 0.07109380000000001 0.0203125
9 0.9343749999999997 0.814062 0.0140625 0.075
9 0.9625 0.780078 0.075 0.011718799999999998
9 0.11075694832041343 0.9679689999999994 0.22151389664082685 0.020312500000000008
2 0.251953 0.9664059999999999 0.07578119999999999 0.0203125
11 0.103906 0.5863280000000001 0.11718799999999999 0.0382813
9 0.949219 0.588281 0.0984375 0.0328125
9 0.8902340000000001 0.939453 0.0914062 0.0179687
9 0.024609399999999993 0.587891 0.047656199999999996 0.0320312
11 0.6562499999999999 0.586719 0.115625 0.0390625
9 0.47324677777777735 0.5886719999999998 0.2581944444444438 0.032031199999999996
9 0.215625 0.587891 0.11875 0.0335938
11 0.310156 0.590625 0.07656250000000002 0.040625
9 0.771484 0.587891 0.12265600000000002 0.0335938
11 0.8675780000000001 0.5898440000000001 0.0804688 0.040625
9 0.50999047051785 0.7776680740740742 0.01775462310710394 0.37877314814814816
5 0.48772609819121443 0.8811369509043928 0.032299741602067174 0.046511627906976744
5 0.599483204134367 0.9392764857881137 0.04392764857881135 0.03875968992248062
1 0.3979328165374678 0.9366925064599481 0.03359173126614987 0.046511627906976744
10 0.44379844961240317 0.937984496124031 0.029715762273901807 0.04392764857881135
9 0.5394056847545219 0.8759689922480619 0.040051679586563305 0.046511627906976744
5 0.04392764857881138 0.9386304909560725 0.046511627906976744 0.04263565891472867
4 0.12984496124031011 0.9347545219638244 0.05038759689922481 0.05038759689922481
4 0.6854005167958658 0.9354005167958656 0.047803617571059415 0.05426356589147287
1 0.9560723514211886 0.9379844961240309 0.0310077519379845 0.046511627906976744
