9 0.607813 0.713281 0.0109375 0.018750000000000003
9 0.250391 0.5480470000000001 0.06328130000000001 0.0117188
3 0.901563 0.274219 0.0328125 0.0296875
9 0.849609 0.9621090000000001 0.21953100000000003 0.06953119999999999
5 0.151953 0.7675779999999999 0.028906299999999992 0.0335938
9 0.315625 0.640234 0.0109375 0.158594
11 0.6406250000000004 0.06210940000000001 0.03437500000000001 0.12421880000000002
9 0.3230469999999999 0.7136720000000003 0.0164062 0.010156199999999999
9 0.02740653246744705 0.53125 0.0548130649348941 0.04374999999999999
3 0.123047 0.23984399999999997 0.0351562 0.028125
9 0.3019530000000001 0.984375 0.0335938 0.025
6 0.8042970000000002 0.724609 0.100781 0.22265600000000002
2 0.241797 0.989062 0.0757812 0.017187500000000005
9 0.6199220000000001 0.515625 0.02734380000000001 0.0125
8 0.286719 0.221484 0.040624999999999994 0.0820312
6 0.9 0.734375 0.09062500000000001 0.21875
3 0.460156 0.22070299999999998 0.03437500000000001 0.0460938
5 0.0109375 0.32148399999999994 0.021875 0.0398437
5 0.5121090000000001 0.6964840000000001 0.0351562 0.02734380000000001
9 0.15078099999999997 0.377734 0.0234375 0.0117188
9 0.6213521258117687 0.1671870000000002 0.04270455162353634 0.020312500000000015
3 0.45 0.957812 0.0546875 0.0421875
9 0.39375 0.8050780000000001 0.0109375 0.05234369999999999
5 0.010937499999999996 0.2906250000000001 0.020312499999999997 0.0296875
2 0.3917970000000001 0.8722660000000002 0.0179687 0.0773437
3 0.520703 0.7941410000000002 0.04921880000000001 0.0320312
3 0.4808589999999999 0.79375 0.04921880000000001 0.0328125
5 0.010156199999999997 0.19453099999999998 0.020312499999999997 0.03593749999999999
9 0.28125 0.9910160000000002 0.0140625 0.0179687
3 0.459375 0.34960899999999995 0.037500000000000006 0.047656199999999996
9 0.4808589999999999 0.9566409999999999 0.0117188 0.0414063
2 0.188281 0.377734 0.0578125 0.0148437
9 0.7332030000000002 0.516016 0.025781200000000008 0.0117188
9 0.608984 0.808203 0.0117188 0.05859380000000001
11 0.48085900000000037 0.062499999999999875 0.0351562 0.12499999999999975
3 0.26328100000000004 0.34375 0.0875 0.0484375
2 0.11484400000000003 0.376953 0.05625 0.0148437
9 0.34921900000000006 0.515625 0.03437500000000001 0.0125
9 0.6083765782357119 0.9523775554832916 0.009809643528566397 0.09055788903340574
2 0.4808589999999999 0.9851559999999999 0.0148437 0.028125
9 0.3941410000000001 0.9617190000000001 0.010156199999999999 0.05625
9 0.634375 0.377734 0.037500000000000006 0.0117188
8 0.2621089999999999 0.303906 0.0460938 0.037500000000000006
9 0.549219 0.713672 0.117188 0.0117188
2 0.751953 0.584375 0.0195312 0.0671875
9 0.044921874999999785 0.37758938549047627 0.08984374999999957 0.010446029019044354
9 0.569531 0.526953 0.07656250000000002 0.0335938
2 0.36054700000000006 0.7125 0.06328130000000001 0.020312499999999997
9 0.5101560000000002 0.5164060000000001 0.0484375 0.0125
3 0.33515600000000006 0.349609 0.037500000000000006 0.0460938
9 0.0273438 0.761328 0.0546875 0.463281
2 0.3941410000000001 0.5164060000000001 0.06328130000000001 0.017187500000000005
3 0.16601600000000002 0.2917969999999999 0.024218699999999992 0.047656199999999996
5 0.4644529999999999 0.5375 0.028906299999999992 0.0328125
9 0.4800780000000001 0.142188 0.02734380000000001 0.04375
9 0.8332029999999999 0.377734 0.249219 0.010156199999999999
9 0.43710899999999997 0.9347659999999999 0.0882813 0.0117188
3 0.4136719999999999 0.958203 0.0320312 0.0367187
2 0.678516 0.376953 0.06015619999999999 0.0164062
9 0.7492190000000002 0.7707342728894027 0.020312500000000015 0.3242805457788041
9 0.4523440000000001 0.5164060000000001 0.0671875 0.0125
9 0.45429700000000006 0.377344 0.06328130000000001 0.0125
9 0.15052888344156914 0.27578100000000005 0.009879033116861797 0.21093800000000001
9 0.607422 0.594141 0.010156199999999999 0.117969
9 0.1875 0.7464840000000003 0.2750000000000001 0.0164062
2 0.607813 0.8714840000000001 0.018750000000000003 0.0773437
2 0.39726599999999995 0.377344 0.06015619999999999 0.017187500000000005
2 0.551562 0.16718700000000003 0.104687 0.021875
11 0.9609380000000001 0.4542969999999999 0.03437500000000001 0.0757812
2 0.392969 0.7523440000000001 0.015625 0.0671875
3 0.860547 0.22226599999999994 0.030468800000000004 0.0320312
9 0.2924829253072155 0.3769529999999976 0.15840255061443306 0.011718799999999939
9 0.502344 0.8246090000000001 0.2125 0.0195312
2 0.678125 0.5152340000000001 0.09375 0.0179687
5 0.5441409999999999 0.9613279999999998 0.0460938 0.030468800000000004
9 0.03085939999999999 0.27304700000000004 0.0195312 0.20078100000000002
9 0.640625 0.141016 0.028125 0.0429688
2 0.6085939999999999 0.6781249999999999 0.015625 0.06406249999999998
9 0.354688 0.9917970000000002 0.0875 0.0148437
9 0.6673328926949071 0.15976599999999994 0.05439721461018756 0.03515619999999998
5 0.05195310000000001 0.340625 0.022656300000000008 0.0296875
2 0.608594 0.7531249999999998 0.017187500000000005 0.065625
9 0.31093699999999996 0.271875 0.009375000000000001 0.215625
3 0.33476600000000006 0.307031 0.0367187 0.046875
9 0.9605470000000002 0.7296879999999999 0.0320312 0.490625
9 0.44140599999999997 0.7085939999999998 0.104687 0.021875
9 0.859766 0.5207029999999999 0.185156 0.0195312
3 0.672266 0.2750000000000001 0.0351562 0.0296875
9 0.14023400000000003 0.990625 0.13359400000000002 0.018750000000000003
3 0.7157638834415689 0.22226599999999994 0.03152726688313817 0.03515619999999999
9 0.447656 0.15937499999999996 0.07500000000000001 0.0328125
9 0.542188 0.938672 0.129688 0.0195312
3 0.459375 0.307031 0.037500000000000006 0.046875
3 0.3355469999999999 0.21953100000000003 0.0367187 0.0484375
5 0.25156300000000004 0.7695310000000001 0.03593749999999999 0.0328125
3 0.335156 0.26406199999999996 0.03593749999999999 0.0484375
11 0.959375 0.265234 0.04375 0.0773437
3 0.459375 0.26445299999999994 0.037500000000000006 0.047656199999999996
9 0.7589840000000001 0.531641 0.0367187 0.0382813
9 0.9605470000000002 0.35937500000000006 0.0351562 0.121875
9 0.0253906 0.160156 0.04921880000000001 0.037500000000000006
11 0.21171900000000002 0.15820300000000004 0.07343749999999999 0.0382813
9 0.486719 0.6066410000000001 0.017187500000000005 0.19453100000000004
9 0.620313 0.277344 0.0109375 0.21406199999999997
11 0.37890599999999997 0.157422 0.07343749999999999 0.0367187
11 0.08125 0.15820300000000004 0.07500000000000001 0.0382813
3 0.7152340000000001 0.3277340000000001 0.0335938 0.0367187
9 0.9605469999999999 0.189063 0.0335938 0.09062500000000001
11 0.7246089999999998 0.158594 0.0726563 0.037500000000000006
9 0.48295088344156917 0.277344 0.010660233116861761 0.20781300000000003
9 0.9316410000000002 0.159375 0.0914062 0.03437500000000001
3 0.25234399999999996 0.22265600000000002 0.03437500000000001 0.0390625
9 0.296094 0.160547 0.10625 0.0335938
9 0.146875 0.16015599999999997 0.0671875 0.03593749999999999
11 0.854688 0.158984 0.07500000000000001 0.0398437
9 0.7902340000000001 0.160547 0.0679687 0.0351562
3 0.7525592211043337 0.22226599999999996 0.03152726688313817 0.03515619999999999
3 0.7893545587670987 0.22226599999999996 0.03152726688313817 0.03515619999999999
3 0.8233902461051561 0.22134611655843087 0.03152726688313817 0.03515619999999999
3 0.7529492211043339 0.3277340000000001 0.0335938 0.0367187
3 0.7888246753255295 0.3277340000000001 0.0335938 0.0367187
3 0.8237802461051561 0.3268141165584309 0.0335938 0.0367187
3 0.8587358168847825 0.3277340000000001 0.0335938 0.0367187
8 0.7870469832767492 0.2750451490291664 0.1977749399373604 0.07359067532552946
9 0.491648560550523 0.1671870000000003 0.027986416558430857 0.020312500000000018
5 0.05427312305257798 0.2759650324707355 0.029436270130211786 0.04231463831217946
