11 0.231266149870801 0.5555555555555556 0.12144702842377264 0.03617571059431524
11 0.4379844961240309 0.560077519379845 0.07751937984496124 0.04521963824289407
11 0.786175710594315 0.5581395348837209 0.1227390180878553 0.04392764857881135
11 0.9760981912144703 0.5581395348837209 0.040051679586563305 0.049095607235142114
2 0.37790697674418605 0.9360465116279072 0.08139534883720931 0.029715762273901807
2 0.5064599483204134 0.8520671834625323 0.023255813953488372 0.08139534883720931
2 0.9308785529715763 0.9366925064599484 0.08139534883720931 0.025839793281653745
7 0.11240310077519376 0.8462532299741603 0.049095607235142114 0.049095607235142114
7 0.6679586563307494 0.8462532299741603 0.049095607235142114 0.049095607235142114
5 0.6175710594315246 0.8501291989664084 0.03617571059431524 0.049095607235142114
5 0.17248062015503876 0.906330749354005 0.05038759689922481 0.04263565891472867
5 0.7286821705426358 0.9089147286821705 0.049095607235142114 0.040051679586563305
0 0.569311709870536 0.781388277622208 0.119774513075465 0.05479450418710507
0 0.03875968992248062 0.7816537467700259 0.07493540051679587 0.059431524547803614
5 0.05813953488372093 0.8514211886304909 0.03617571059431524 0.049095607235142114
10 0.02260981912144703 0.9069767441860463 0.03488372093023256 0.04392764857881135
4 0.25775193798449614 0.9056847545219635 0.05038759689922481 0.05426356589147287
4 0.8152454780361755 0.9056847545219638 0.05167958656330749 0.05167958656330749
10 0.5723514211886305 0.9102067183462532 0.03359173126614987 0.047803617571059415
1 0.5264857881136951 0.9095607235142117 0.037467700258397935 0.049095607235142114
9 0.08979328165374653 0.557911668888757 0.17700258397932772 0.029941381191014447
9 0.3430232558139531 0.5579116688887562 0.12273901808785481 0.029941381191013767
9 0.5988372093023233 0.5583297977258332 0.26227390180878485 0.03077763886516747
9 0.9005167958656284 0.5575311432045319 0.1343669250645975 0.029941381191014475
9 0.08204134366925073 0.7506256103219396 0.019379844961240317 0.369549812947853
9 0.6382804972096978 0.7499796154898972 0.018163061602862473 0.36825782328376944
9 0.5051679586563312 0.7850545625387068 0.014205091468209127 0.08363764494842778
9 0.5694427457352691 0.7493379813526692 0.1344416682683062 0.010919287748973638
9 0.6708469472740082 0.8920812598962418 0.06399085997394689 0.011703113282447544
9 0.6963824289405687 0.9114987080103361 0.010335917312661503 0.042635658914728695
9 0.5051679586563317 0.9054202412361171 0.014205091468209127 0.06034106197473568
9 0.6073593757324023 0.9117297324581587 0.010860060771594548 0.05354622527407691
9 0.6191986766158125 0.8920812598962395 0.031390667277132876 0.011703113282447133
9 0.1141556832984859 0.8917975643422469 0.06107878710223536 0.01421188630490952
9 0.061738371607678165 0.891797564342248 0.03389944029959427 0.014211886304909533
9 0.14017651044366444 0.9105280170530989 0.010335917312661503 0.042635658914728695
9 0.05087294237784386 0.9105280170530989 0.010335917312661503 0.042635658914728695
9 0.6524042366075904 0.9386661601414927 0.4913694510504327 0.020787809951232042
9 0.17326833586683577 0.9378299024673431 0.34653667173367153 0.020787809951231674
9 0.9780844564639756 0.9236323449757994 0.016563362905335312 0.04748911370091438
9 0.9849473618652307 0.9084297846801614 0.02676024557291861 0.017561411157231352
