11 0.51171621060747 0.9694955715308176 0.021563475297180407 0.06100885693836466
9 0.5127680874512355 0.9216351751395149 0.020511598453415575 0.04207507375059581
11 0.5119808681666004 0.8647525334070468 0.02119415811151184 0.07723294905042455
9 0.5126993142042785 0.811767138128266 0.01832037396079835 0.03161162565784562
3 0.5376653140136021 0.882354461330167 0.018679596979637607 0.02191260414919034
3 0.570713831746807 0.8823544613301669 0.018679596979637607 0.02191260414919034
3 0.5380245370324412 0.9261796696285474 0.018679596979637607 0.02191260414919034
3 0.570713831746807 0.9261796696285474 0.018679596979637607 0.02191260414919034
8 0.5550876304273024 0.9039078424605126 0.06645625848524878 0.03556307886507915
3 0.5990924502351026 0.9759320577377744 0.026582503394099552 0.027300949431778045
3 0.6650098741920928 0.9789854533979064 0.026223280375260387 0.04202909320418688
8 0.6321409679683075 0.9834757411333963 0.02730094943177792 0.03304851773320725
5 0.6407623204204479 0.8505632241628992 0.02227182716802946 0.03520385584624011
7 0.5935244934430952 0.8185923754862116 0.025504834337582057 0.022271827168029223
9 0.6553108526834349 0.8625971952940114 0.006106791320265997 0.09878633018077561
9 0.7030875141890454 0.9152233675539427 0.10094166829380914 0.011495136602853926
4 0.6396846513639302 0.9078592956677491 0.025145611318742944 0.02622328037526043
0 0.7007525645665917 0.895466101517796 0.08549507848372587 0.03161162565784826
5 0.6664467662674496 0.8584661305773612 0.01688348188544162 0.026582503394099673
9 0.6779419028703033 0.8288302315231266 0.006106791320266213 0.030533956601332308
9 0.6673448238145473 0.8419418717107554 0.025145611318743107 0.005029122263748584
9 0.591728378348898 0.8017088936007585 0.14332998451683562 0.011495136602853933
9 0.6587234713624072 0.80494190077032 0.012932028678210632 0.018679596979638523
9 0.707757413433955 0.808174907939867 0.11028146678362984 0.011495136602854193
9 0.7478107800345248 0.8277525624666108 0.01221358264053215 0.026223280375260494
9 0.7476311685251054 0.8988787201967695 0.011135913584014794 0.04346598527954129
9 0.7587670821091197 0.805121512279741 0.010417467546336292 0.019038819998477386
9 0.7682864921083583 0.8018885051101854 0.03161162565784815 0.011135913584014645
10 0.7065001328680186 0.8290098430325484 0.01580581282892413 0.02945628754481276
2 0.7479903915439443 0.8579272960491025 0.014009697734728144 0.039155309053471074
3 0.7655923194670645 0.8229030517122822 0.02622328037526043 0.019398043017315854
2 0.803669959464018 0.8013496705819311 0.042747539241862934 0.013650474715889023
9 0.8329466354994115 0.8805583462359661 0.01221358264053224 0.23888330752805825
9 0.8509077864413699 0.8744515549157018 0.027300949431776533 0.005388345282587707
9 0.923830059265725 0.8746311664251243 0.04813588452445064 0.005029122263748588
9 0.9319125771896036 0.89331076340476 0.006106791320266044 0.035203855846241826
9 0.9453834403960759 0.8925923173670808 0.005029122263748584 0.035203855846242665
9 0.9462814979431735 0.9150437560445299 0.052805783769361486 0.011135913584014657
9 0.9233058854778322 0.9568932377392946 0.005388345282587691 0.0739999418808775
9 0.9134272524597565 0.9960485467927651 0.1731454950804867 0.007902906414462866
4 0.9385728637784995 0.9806019569826838 0.0237087192433862 0.025145611318742944
5 0.9369563601937232 0.9497087773625141 0.02119415811151184 0.03520385584624011
5 0.9118107488749798 0.9348010220806857 0.017601927923120306 0.02694172641293878
0 0.8793010656700332 0.9770097267942839 0.08333974037069164 0.03089317962016973
7 0.9850922447181738 0.9260000581191278 0.02622328037526043 0.020834935092672716
9 0.9859903022652713 0.9132476409503338 0.028019395469456514 0.006106791320266072
9 0.9744951656624182 0.9057039575547131 0.005747568301426963 0.017601927923121024
9 0.985810690755852 0.8986991086873465 0.028378618488295895 0.00502912226374859
3 0.9594077988711719 0.9031893964228356 0.02442716528106525 0.01400969773472825
2 0.8818156268019082 0.8749903894439638 0.038077639996953475 0.007902906414462067
1 0.8509224471817382 0.8893593101975302 0.026582503394099673 0.025864057356419976
3 0.8512816702005778 0.8554127349172284 0.025145611318742944 0.03340774075204413
10 0.9071408496300706 0.8942088209518583 0.029815510563652666 0.01616503584776324
9 0.9497087773625139 0.780155512470418 0.1005824452749721 0.005747568301426831
9 0.9022913388757394 0.7110050813438743 0.006466014339105237 0.05496112188239856
2 0.9021117273663222 0.7551895126610957 0.009699021508658057 0.03843686301579272
3 0.9475534392494792 0.695558491533787 0.08405818640836933 0.02550483433758201
3 0.869422432651956 0.695738103043204 0.06142713622150018 0.025145611318742874
9 0.8327816847303595 0.6917866498359797 0.011854359621693036 0.06394169735337477
9 0.9188155977423439 0.6770585060635619 0.16236880451531246 0.012213582640532279
2 0.8326020732209399 0.7424370954923047 0.015087366791245636 0.04310676226070205
9 0.45056839268546695 0.8049419007703227 0.14189309244147744 0.018679596979637607
9 0.38860242193570826 0.7990147209594766 0.01867959697963761 0.029815510563651976
9 0.38860242193570826 0.7129808079474911 0.018679596979637607 0.09339798489818872
11 0.3878839758980299 0.7720729945465375 0.021553381130351025 0.028378618488295534
9 0.4466169394782359 0.6743643334222793 0.13255329395165957 0.018320373960798476
9 0.5619275285256142 0.6777769521012518 0.10453389848220283 0.01149513660285394
9 0.5127139749446463 0.6637672543665234 0.01832037396079842 0.02083493509267211
6 0.532291629471382 0.7674030953016281 0.10561156753872009 0.057834906033108695
6 0.5322916294713811 0.7106458583250364 0.10561156753872 0.055679567920072996
9 0.6594565781404532 0.6775973405918321 0.011495136602853916 0.011135913584014794
9 0.6695148226679504 0.7377671962473936 0.010058244527497186 0.1314756248951424
9 0.674903167950538 0.6768788945541526 0.019398043017315444 0.009699021508658045
9 0.7365099156814578 0.6763400600258946 0.03053395660133174 0.009339798489818803
9 0.7478254407748927 0.7377671962473937 0.009339798489818738 0.13075717885746393
9 0.708490520212001 0.7988351094500539 0.08657274754024263 0.009339798489818758
2 0.6341313553122908 0.6770585060635732 0.044184431317219684 0.013650474715889023
2 0.8327816847303597 0.6400585351231374 0.013291251697049776 0.04526210037373715
9 0.8327816847303596 0.6070100173899323 0.011854359621693164 0.028737841507134786
9 0.9227670509495753 0.6332332977651928 0.005747568301426831 0.08046595621997728
3 0.9078592956677491 0.6321556287086753 0.026941726412938804 0.0797475101822989
9 0.5951565263576241 0.5986409625473007 0.14995764921441918 0.0117358160254763
9 0.7703244470341752 0.5988582924736988 0.1186621398131466 0.012170475878271563
9 0.7207732238154979 0.5803852487298932 0.004781258380749619 0.024775611609338576
9 0.7309877303561904 0.5708227319683948 0.025210271462134597 0.005650578086340329
9 0.5130058141792907 0.5901650954177902 0.01869037367020276 0.05302850204104065
9 0.5132231441056877 0.46520038773910877 0.019125033522998127 0.05085520277706328
9 0.5921139073880571 0.4693296563406659 0.1421337718641006 0.006085237939135787
9 0.6644847728784914 0.4643310680335179 0.005215918233544874 0.05085520277706328
9 0.664050113025697 0.5599562356485095 0.006085237939135777 0.06998023630006034
2 0.6640501130256959 0.5060584139018776 0.00782387735031744 0.03955404660438258
3 0.6327546036244265 0.5808199085826886 0.05911373998017618 0.02738357072611104
3 0.564078346882751 0.5745173407171553 0.08345469173671924 0.03911938675158719
3 0.5601664082075934 0.509535692724241 0.025210271462134382 0.02825289043170183
8 0.5336521571870722 0.5097530226506386 0.026079591167724753 0.06693761733049362
11 0.5123538244000969 0.5269220868360575 0.02086367293417981 0.07780411365037888
11 0.5127884842528924 0.6353697201085131 0.02086367293417981 0.03998870645717797
2 0.6912163538254095 0.5979889727681076 0.04303132542674579 0.014778434995043981
3 0.7294664208714056 0.5173595700745584 0.02564493131492937 0.10301438511251293
9 0.7483741244680079 0.5306166955848189 0.012170475878271678 0.1286593164274418
1 0.766275135022473 0.5809134860256195 0.026582503394099552 0.02622328037526043
10 0.8194401418106722 0.5378067237649177 0.029456287544812897 0.01616503584776326
5 0.7619644587964024 0.5399620618779526 0.01652425886660161 0.026941726412938804
0 0.7871100701151457 0.4918261773535019 0.06825237357944512 0.030533956601330646
9 0.8714628193989626 0.4720689113173443 0.25707436120207455 0.011854359621693171
5 0.8891796986881113 0.4891320047122079 0.03484463282740085 0.022271827168029307
4 0.9524029500038079 0.49092811980640394 0.026223280375260557 0.025864057356421243
9 0.8358350803904926 0.5160737311251465 0.005747568301426826 0.07831061810694183
9 0.8218253826557645 0.5002679182962221 0.0050291222637485885 0.04813588452444928
9 0.8275729509571916 0.5216416879171536 0.016524258866602266 0.005388345282587705
2 0.8354758573716535 0.5722921335734792 0.010058244527497175 0.03987375509114952
9 0.8507428356723186 0.541937788481568 0.02622328037526043 0.005029122263748588
3 0.9928155396232161 0.5026028679186771 0.014368920753567372 0.01903881999847672
3 0.9087573532148471 0.4004039190589295 0.026582503394099673 0.027300949431778045
3 0.9082185186865882 0.4334524367921345 0.026941726412938734 0.02730094943177798
8 0.9416262594386324 0.41710778943495164 0.026941726412938804 0.05208733773168175
3 0.974854388681257 0.41692817792553194 0.026582503394099552 0.07615527999390706
9 0.6635876428571039 0.38693305585246 0.006825237357944571 0.036281524902757434
11 0.5119955289069681 0.4029184801908038 0.02119415811151184 0.0775921720692638
2 0.6635876428571038 0.4210592426421826 0.009699021508658057 0.04059220112882782
3 0.591563427579847 0.45482620641306426 0.141533869422639 0.026941726412938714
9 0.6486798875752777 0.3673554013257245 0.04166987018534538 0.005747568301426889
9 0.6307187366333185 0.3280204807628329 0.006466014339105307 0.0836989633895311
9 0.7233982754938278 0.3673554013257245 0.04023297810998858 0.0057475683014268945
9 0.7480050522843115 0.325865142649798 0.011135913584014653 0.0880096396156008
9 0.7654273686980124 0.3091612722737763 0.005029122263748591 0.04741743848677273
9 0.7591409658683272 0.3310738764229669 0.014728143772406544 0.004310676226070221
3 0.5768352838074405 0.329277761328771 0.06897081961712327 0.08405818640836912
0 0.648500276065858 0.32658358868747717 0.03125240263900916 0.07866984112578129
5 0.6878351966287487 0.29622924359556607 0.02730094943177792 0.017242704904280804
10 0.7251943905880238 0.30161758887815376 0.0165242588666025 0.028737841507134643
1 0.7302235128517726 0.35244764604389844 0.026582503394099673 0.02622328037526043
2 0.6871167505910704 0.36771462434456376 0.03951453207231022 0.010776690565175485
7 0.7641700881320754 0.34670007774247147 0.023349496224546948 0.02622328037526043
5 0.8178739294485328 0.2991030277462794 0.035922301883918456 0.02227182716802929
4 0.8814564037830687 0.3003603083122166 0.027300949431778045 0.025504834337582046
3 0.9628204175501444 0.3035933154817693 0.02191260414919021 0.01975726603615511
3 0.9850922447181738 0.3256855311403792 0.019038819998476737 0.022271827168029397
8 0.9836553526428169 0.3044913730288673 0.032689294714365914 0.03304851773320493
9 0.8733738858591871 0.2820399343514171 0.2532522282816249 0.012572805659371475
9 0.6341313553122906 0.28186032284199675 0.22666972488752532 0.012213582640531951
9 0.7472866062466335 0.22187007869585493 0.011135913584014787 0.11926204225460918
9 0.7650681456791734 0.25402053888196185 0.005029122263748588 0.04849510754328989
9 0.759500188887166 0.2326467692610304 0.016165035847763253 0.005747568301426959
9 0.5125343634352265 0.2861709990680689 0.018679596979637607 0.16165035847763293
3 0.5748595572038238 0.26389917190003964 0.10740768263291611 0.026582503394099656
9 0.6308983481427375 0.2355205534117437 0.006106791320266036 0.08405818640836936
9 0.6524517292730876 0.19618563284885307 0.04705821546793077 0.0053883452825877745
9 0.6740051104034401 0.18145748907644663 0.0039514532072311 0.03268929471436581
9 0.7298642898329334 0.19600602133943362 0.02586405735642131 0.005029122263748543
1 0.729864289832933 0.21091377662125976 0.025864057356421954 0.025504834337581977
0 0.6490391105941166 0.23767589152477886 0.029456287544813168 0.07831061810694256
5 0.6878351966287487 0.26874868265436846 0.02730094943177792 0.018320373960798393
10 0.7250147790786045 0.262282668315263 0.016165035847763295 0.029097064525974107
7 0.7645293111509147 0.20929727303648346 0.0226310501868687 0.025864057356421243
2 0.6962769375714695 0.19582640983001404 0.04418443131721954 0.00826212943330125
3 0.5766556722980212 0.17032157549243196 0.06861159659828417 0.08369896338952992
11 0.511995528906968 0.16924390643591444 0.020475712073833464 0.07723294905042463
9 0.5125343634352268 0.12559830964695354 0.02011648905499429 0.014368920753567362
9 0.5994663339943093 0.12523908662811434 0.15590279017620567 0.0050291222637485885
2 0.6743789243298117 0.14634831378137017 0.007902906414461938 0.03843686301579269
2 0.6738400898015527 0.10360077453950728 0.008980575470979557 0.039155309053471074
9 0.6743789243298118 0.05259110586434307 0.006466014339105374 0.06933004263596247
3 0.5599663928295313 0.09070381225689392 0.024786388299904066 0.026941726412938804
11 0.5123693428333396 0.08154362527649484 0.022271827168029397 0.07687372603158545
8 0.5341023354731103 0.09106303527573323 0.025504834337582123 0.0664562584852491
9 0.5129081773615983 0.023169884715127386 0.019757266036155095 0.04633976943025477
3 0.5630197884896652 0.039694143581729804 0.08405818640836978 0.03843686301579265
3 0.6395342915024107 0.03304851773320495 0.06466014339105314 0.02658250339409964
9 0.6106168384858566 0.014548532262986948 0.18212607055146632 0.012572805659371442
2 0.7212575282883251 0.014728143772406548 0.04346598527954159 0.013650474715888998
9 0.7801701033779512 0.014368920753567365 0.07938828716346025 0.012932028678210633
9 0.8238157001669123 0.06986887716422134 0.012932028678210654 0.13039795583862387
9 0.9092136774421619 0.12878145225384732 0.18157264511567558 0.011854359621693072
9 0.8521797277476755 0.01796115094195921 0.050650445656325 0.00431067622607021
9 0.9274369501944844 0.014189309244147779 0.030893179620169776 0.011135913584014712
9 0.9709029354740258 0.01832037396079836 0.0581941290519484 0.005029122263748573
2 0.8933107634047619 0.01796115094195921 0.03879608603463194 0.009339798489818795
3 0.96030585641827 0.08154362527649482 0.06861159659828424 0.08405818640836912
3 0.8053011237891622 0.057296071504849895 0.024427165281064433 0.07579605697506789
3 0.8423010947295981 0.0720242152772564 0.025864057356421197 0.10381545244452423
5 0.817694317939114 0.2658250339409964 0.035563078865079235 0.0229902732057078
4 0.8810971807642299 0.26420853035622005 0.02801939546945629 0.0276601724506172
8 0.8572088500114241 0.16721831526964023 0.035563078865079124 0.06717470452292744
3 0.8794806771794537 0.15033483338419862 0.02119415811151197 0.018320373960798393
3 0.8791214541606144 0.18374257413624273 0.02119415811151197 0.018320373960798393
3 0.8352962458622339 0.15033483338419862 0.02119415811151197 0.018320373960798393
3 0.8349370228433948 0.18374257413624273 0.02119415811151197 0.018320373960798393
3 0.9204321013271205 0.21499497677525178 0.026223280375260557 0.02622328037526046
3 0.9200728783082814 0.24786388299903717 0.026941726412938925 0.025864057356421243
3 0.9865291367935304 0.23169884715127373 0.026941726412939147 0.0754368339562286
8 0.9531213960414863 0.23187845866069345 0.02622328037526043 0.052087337731681706
