1 0.4339839999999999 0.910547 0.02734380000000001 0.0414063
1 0.47148399999999996 0.910156 0.02734380000000001 0.0390625
10 0.5807691220447553 0.7550779999999995 0.025961555910489983 0.04140629999999997
10 0.9242189999999999 0.7578119999999999 0.0296875 0.040624999999999994
9 0.9910160000000002 0.6140620000000001 0.0179687 0.0078125
4 0.3207030000000001 0.9125 0.0414063 0.045312500000000006
9 0.1871290277600127 0.7824219999999963 0.3742580555200254 0.016406199999999985
4 0.30156199999999994 0.753125 0.0421875 0.045312500000000006
7 0.9921880000000001 0.6394529999999999 0.015625 0.05078119999999999
9 0.978770683067132 0.612079511820979 0.012770333865734016 0.33509602364195873
9 0.51875 0.769922 0.0140625 0.0335938
9 0.12773400000000001 0.739844 0.030468800000000004 0.009375000000000001
9 0.19375 0.946484 0.0140625 0.100781
9 0.178125 0.9257810000000001 0.028125 0.009375000000000001
9 0.21394221420518605 0.885225941720783 0.27211457158962804 0.017048816558430862
5 0.9925780000000001 0.7003909999999998 0.0148437 0.0414063
9 0.828125 0.9183589999999998 0.021875 0.053906300000000004
9 0.6226559999999999 0.740234 0.0296875 0.008593750000000002
9 0.5207030000000001 0.7402340000000001 0.0117188 0.025781200000000008
9 0.14630182516235368 0.6179689999999999 0.013646549675292698 0.32656199999999985
9 0.196484 0.7578120000000003 0.010156199999999999 0.03593749999999999
9 0.11312836003382179 0.4445369867782605 0.22625672006764358 0.029698773556522017
9 0.117969 0.7574219999999999 0.009375000000000001 0.0414063
9 0.513672 0.925781 0.0398437 0.0109375
9 0.9914059999999999 0.740234 0.017187500000000005 0.008593750000000002
9 0.65 0.9457030000000001 0.0296875 0.0179687
9 0.16601599999999997 0.9093750000000003 0.008593750000000002 0.040624999999999994
9 0.963281 0.740234 0.028125 0.008593750000000002
9 0.8312500000000003 0.973047 0.017187500000000005 0.053906300000000004
9 0.22578100000000004 0.938672 0.0578125 0.010156199999999999
9 0.869531 0.751953 0.0109375 0.05234369999999999
9 0.00820312 0.885156 0.0164062 0.020312499999999997
9 0.0855469 0.9191410000000002 0.0117188 0.06015619999999999
9 0.692578 0.7582029999999997 0.008593750000000002 0.0429688
9 0.6421870000000002 0.921875 0.017187500000000005 0.06406249999999998
9 0.6025660214205185 0.44531199999999954 0.21986795715896232 0.028124999999999966
9 0.6398439999999999 0.6191410000000002 0.015625 0.325781
9 0.535156 0.94375 0.017187500000000005 0.104687
9 0.5777339999999999 0.615234 0.119531 0.010156199999999999
9 0.48313615866086723 0.8859379999999948 0.14752131732173906 0.018749999999999878
9 0.028034922044755158 0.6457029999999999 0.01111775591048968 0.07109379999999998
9 0.17539099999999996 0.739844 0.05078119999999999 0.0109375
9 0.250391 0.9160160000000002 0.010156199999999999 0.055468699999999996
9 0.670703 0.740234 0.05078119999999999 0.008593750000000002
7 0.171484 0.699219 0.0382813 0.04375
9 0.416406 0.9187499999999997 0.0109375 0.0609375
9 0.44531200000000004 0.769922 0.015625 0.0414063
2 0.0851562 0.969922 0.015625 0.06015619999999999
9 0.869141 0.651563 0.0117188 0.059375
9 0.855078 0.9144530000000001 0.0398437 0.008593750000000002
9 0.8726559999999999 0.9027339999999998 0.0078125 0.028906299999999992
2 0.949219 0.967578 0.015625 0.0648438
9 0.5210939999999998 0.6464839999999998 0.0125 0.07109380000000001
2 0.40507799999999994 0.7808589999999999 0.06953119999999999 0.021093799999999992
9 0.0277344 0.753125 0.0117188 0.0515625
2 0.4167969999999999 0.969922 0.0164062 0.05859380000000001
2 0.6910159999999999 0.8878910000000002 0.0648438 0.024218699999999992
9 0.9133428545608697 0.8859379999999986 0.16862629087825745 0.01718749999999997
9 0.949219 0.917188 0.0125 0.0546875
2 0.0453125 0.885547 0.0703125 0.022656300000000008
9 0.6617695851183767 0.7816409999999995 0.2876021702367529 0.01796869999999998
9 0.9296874999999996 0.7822866830671309 0.14062500000000078 0.016676633865734335
5 0.21953100000000003 0.9609380000000001 0.037500000000000006 0.03437500000000001
9 0.497266 0.9085939999999999 0.008593750000000002 0.0421875
9 0.08458534408951024 0.6151895610223768 0.12145451182097924 0.01024637795524499
9 0.6390630000000002 0.8863279999999999 0.0515625 0.021093799999999992
9 0.951953 0.7574219999999999 0.008593750000000002 0.0414063
9 0.9218749999999999 0.627344 0.114063 0.0109375
9 0.6113279999999999 0.7589840000000001 0.008593750000000002 0.0398437
2 0.587109 0.885156 0.0664062 0.021875
2 0.6906250000000002 0.9453119999999999 0.06406249999999998 0.021875
5 0.22460899999999998 0.755078 0.0398437 0.0367187
2 0.8316410000000002 0.7808589999999999 0.0664062 0.021093799999999992
7 0.663281 0.642578 0.0390625 0.0414063
5 0.125781 0.703906 0.028125 0.0421875
5 0.6648440000000001 0.7125 0.03593749999999999 0.040624999999999994
9 0.48125 0.755469 0.08281250000000001 0.015625
5 0.174609 0.9714839999999998 0.028906299999999992 0.0414063
2 0.5210939999999998 0.703125 0.015625 0.06406249999999998
2 0.027734400000000003 0.703906 0.0164062 0.065625
2 0.37890599999999997 0.885156 0.0671875 0.021875
2 0.870313 0.7027339999999996 0.015625 0.06328130000000001
9 0.7726559999999999 0.9460940000000001 0.115625 0.020312499999999997
5 0.8515619999999999 0.946875 0.028125 0.0390625
5 0.9605469999999999 0.708594 0.028906299999999992 0.040624999999999994
9 0.7750000000000001 0.8882809999999999 0.115625 0.0234375
11 0.273828 0.44374999999999987 0.10546900000000001 0.03437500000000001
5 0.5156249999999999 0.967578 0.0296875 0.0414063
5 0.6191410000000002 0.7035159999999999 0.030468800000000004 0.0414063
9 0.953125 0.44414100000000006 0.09375 0.028906299999999992
9 0.37617199999999995 0.44414100000000006 0.11015599999999999 0.02734380000000001
11 0.740625 0.44531200000000004 0.0671875 0.0328125
9 0.8148439999999999 0.444531 0.0921875 0.028125
0 0.08593749999999988 0.6424426830671327 0.10781299999999985 0.049489133865734274
0 0.9242189999999999 0.653125 0.1 0.0484375
11 0.46093799999999996 0.44648399999999994 0.06875000000000002 0.0351562
11 0.8835940000000001 0.44648399999999994 0.05625 0.0335938
0 0.580469 0.642187 0.10625 0.053125
10 0.14202558019718514 0.9094630121370736 0.025571515655940905 0.03870283450628803
1 0.10366830671327384 0.9111908172489619 0.027644881790206362 0.040776200640554566
10 0.08708137763915018 0.7567250402461836 0.02626263770069608 0.040085078595799316
1 0.04595961597621814 0.7560339182014283 0.028336003834961557 0.042849566774819964
1 0.5401118779761576 0.7549972351342956 0.028336003834961553 0.0407762006405545
4 0.7149657552992132 0.7539605520671628 0.039393956551044135 0.042849566774819964
1 0.8873471067049088 0.7560339182014285 0.027644881790206455 0.041467322685309595
10 0.8963316932867259 0.9104996952042066 0.026262637700696062 0.040776200640553914
1 0.9308877955244825 0.9111908172489613 0.027644881790206247 0.040776200640554164
