8 0.910937 0.6695310000000001 0.14374999999999996 0.07187499999999998
2 0.5753910000000001 0.5906249999999998 0.025781200000000008 0.09218750000000002
9 0.3941410000000001 0.733984 0.0179687 0.524219
11 0.907031 0.9898440000000001 0.15937499999999996 0.0203125
9 0.6895082576741526 0.6491366134887684 0.03682871534830773 0.012334926977539027
9 0.7679690000000002 0.513281 0.012500000000000004 0.0609375
9 0.5753910000000001 0.517969 0.0164062 0.078125
0 0.4847659999999999 0.677734 0.153906 0.07578119999999999
9 0.5746089999999997 0.6772390258397932 0.01796869999999999 0.09041505167958672
2 0.626562 0.47539100000000006 0.101562 0.0320312
9 0.7036359896640821 0.931609968992248 0.01460352067183463 0.11009593798449632
11 0.598437 0.9871090000000001 0.0984375 0.025781200000000008
9 0.4761719999999998 0.9902340000000001 0.161719 0.0179687
9 0.419922 0.536719 0.04453119999999999 0.010937499999999998
9 0.833203 0.475781 0.322656 0.0265625
9 0.702072989664081 0.7374251856338688 0.013041020671834595 0.1848844633575829
9 0.694531 0.5128910000000001 0.012500000000000004 0.06328130000000001
9 0.732813 0.5378909999999999 0.08125 0.013281300000000001
9 0.43789100000000003 0.511719 0.013281300000000001 0.0625
9 0.48867200000000005 0.7188699896640827 0.18203100000000003 0.012259720671834486
9 0.4833959018595373 0.47421899999999895 0.19414619628092225 0.026562499999999923
9 0.7409560723514206 0.9909560723514208 0.19250645994832008 0.01808785529715806
5 0.42441860465116277 0.5988372093023256 0.040051679586563305 0.06072351421188632
1 0.5484496124031008 0.5155038759689922 0.037467700258397935 0.062015503875969
10 0.48837209302325585 0.5142118863049098 0.04134366925064601 0.05684754521963839
3 0.4786821705426355 0.8197674418604651 0.1511627906976744 0.18733850129198967
3 0.6686046511627908 0.9328165374677004 0.06072351421188632 0.10335917312661498
3 0.8901808785529716 0.7202842377260982 0.05426356589147286 0.02971576227390165
3 0.9431524547803618 0.7202842377260982 0.05426356589147286 0.02971576227390165
3 0.8914728682170542 0.6259689922480619 0.05426356589147286 0.02971576227390165
3 0.9444444444444445 0.6259689922480619 0.05426356589147286 0.02971576227390165
4 0.8966408268733851 0.516795865633075 0.059431524547803614 0.062015503875969
9 0.689922480620155 0.8520671834625321 0.03875968992248062 0.06330749354005166
2 0.6351305744230966 0.6494873232430898 0.09366085950521925 0.01839766883138231
