8 0.430078 0.5046870000000001 0.117969 0.0609375
2 0.5191410000000001 0.6996090000000001 0.0914062 0.025781200000000008
3 0.235938 0.379297 0.0625 0.153906
9 0.5019530000000005 0.4284400490258781 0.01328130000000001 0.26812090194824445
7 0.22773399999999988 0.6029418251623541 0.049218799999999986 0.051927849675292875
5 0.7839840000000001 0.6058590000000001 0.0367187 0.053906300000000004
2 0.598437 0.5597659999999999 0.075 0.0210938
9 0.7902340000000001 0.652344 0.0367187 0.009375
9 0.532031 0.5601559999999999 0.075 0.0140625
9 0.6628910000000002 0.5339839999999999 0.0148437 0.0867188
2 0.6625 0.60625 0.01875 0.0828125
9 0.569531 0.6864668834415691 0.018749999999999996 0.045816433116861885
9 0.23242200000000002 0.651563 0.0664062 0.0125
9 0.735547 0.7007809999999999 0.157031 0.015625
0 0.734766 0.5281249999999998 0.13046900000000003 0.065625
9 0.7328376503247078 0.4960939999999998 0.14994969935058608 0.012499999999999995
9 0.7753910000000002 0.673047 0.010156199999999999 0.047656199999999996
9 0.19531200000000035 0.4947388251623538 0.018749999999999992 0.42534108603922816
9 0.8093749999999984 0.49517411655843147 0.017187499999999988 0.42419473636393557
11 0.5882809999999999 0.286328 0.084375 0.0445312
11 0.354297 0.28589370860392277 0.12890599999999997 0.04522441720784565
9 0.336328 0.701700883441569 0.291406 0.016910233116861753
9 0.259766 0.673437 0.010156199999999999 0.0484375
9 0.6121089999999998 0.672082825162354 0.10078099999999995 0.018334149675292958
9 0.7214840000000002 0.28476600000000013 0.19140600000000002 0.03147666623372332
9 0.2445310000000002 0.2844439417207846 0.11249999999999996 0.030556782792154364
9 0.4832029999999999 0.28444394172078474 0.13984399999999994 0.03239654967529239
9 0.6470018215991853 0.5607499809699114 0.025756736363935287 0.013798251623536796
1 0.6860968678658728 0.6702161105166365 0.03587545422119564 0.0487538224031633
9 0.6612600149435063 0.6895336627895885 0.015638018506675008 0.03771522110433354
9 0.6626398401058603 0.6554979754515311 0.012878368181967357 0.03219592045491836
5 0.29390275958133333 0.6702161105166365 0.0487538224031633 0.04323452175374861
4 0.3891106957837371 0.6688362853542829 0.05151347272787061 0.058872540260423545
3 0.4042887725696279 0.5441920790216673 0.04507428863688646 0.022997086039227992
3 0.4475232943233765 0.5432721955800983 0.04507428863688646 0.022997086039227992
3 0.40520865601119704 0.46692186992986145 0.04507428863688646 0.022997086039227992
3 0.44844317776494563 0.46692186992986145 0.04507428863688646 0.022997086039227992
8 0.29666240990604076 0.38505224363020985 0.05059358928630151 0.0487538224031633
3 0.5316926292269505 0.3634349827533355 0.04783393896159421 0.08094974285808237
3 0.5307727457853815 0.4397853084035724 0.04783393896159421 0.08094974285808237
3 0.5316926292269505 0.5170555174953784 0.04783393896159421 0.08094974285808237
3 0.7234883267941116 0.3937911363251165 0.15730006850831935 0.12694391493653834
8 0.7874202259831644 0.47060140369613834 0.03127603701334991 0.03403568733805765
8 0.7883401094247335 0.31606098551252654 0.03127603701334991 0.03403568733805765
10 0.7372865784176486 0.6720558773997748 0.030356153571780883 0.05059358928630159
