3 0.117578 0.6957029999999998 0.0398437 0.0398437
9 0.926562 0.4027339999999999 0.0421875 0.010156199999999999
9 0.0035156199999999997 0.455078 0.00703125 0.047656199999999996
8 0.8305232576741517 0.8264253558146137 0.09520248465169091 0.048162411629231544
9 0.6453120000000001 0.508984 0.0546875 0.0382813
9 0.4652339999999999 0.13125000000000003 0.021093799999999992 0.0109375
9 0.6812500000000001 0.519531 0.021875 0.0125
9 0.23125 0.6589840000000001 0.27656300000000006 0.010156199999999999
9 0.6042970000000001 0.0046875 0.13046900000000003 0.00625
9 0.623828 0.3832030000000001 0.008593750000000002 0.19765600000000003
9 0.6699219999999967 0.7644478037190742 0.011718799999999942 0.21173039256184417
9 0.66875 0.388672 0.009375000000000001 0.0335938
9 0.791797 0.5195309999999999 0.022656300000000008 0.0109375
9 0.8699039225821297 0.6582029999999917 0.26019215483572716 0.010156199999999888
9 0.6660159999999999 0.29296900000000003 0.013281300000000001 0.021875
3 0.11914100000000001 0.834375 0.0429688 0.0515625
9 0.6667969999999953 0.1563377139739084 0.011718799999999939 0.09080022794781765
9 0.5394530000000001 0.148438 0.0117188 0.0421875
2 0.3871089999999999 0.657422 0.05859380000000001 0.0164062
9 0.51875 0.500391 0.0109375 0.0398437
9 0.823828 0.40234400000000003 0.0367187 0.0125
9 0.8058590000000001 0.48007799999999995 0.010156199999999999 0.0320312
2 0.8046880000000001 0.3734370000000001 0.0140625 0.0515625
2 0.502344 0.13046900000000003 0.0625 0.015625
9 0.967188 0.4027339999999999 0.065625 0.010156199999999999
2 0.6667970000000001 0.338281 0.0164062 0.08124999999999999
9 0.6453120000000001 0.283203 0.0484375 0.013281300000000001
9 0.916797 0.514063 0.16328099999999998 0.0234375
2 0.48554700000000006 0.519531 0.05703130000000001 0.015625
9 0.540234 0.110547 0.0117188 0.0460938
9 0.12330035581461511 0.05305360605061679 0.030974911629231116 0.040767687898765746
2 0.667969 0.231641 0.017187500000000005 0.0726563
2 0.6695309999999999 0.45507800000000004 0.015625 0.116406
2 0.60625 0.657422 0.059375 0.0164062
3 0.594141 0.49023399999999995 0.047656199999999996 0.025781200000000008
9 0.805469 0.30234399999999995 0.0109375 0.096875
9 0.494531 0.7617189999999999 0.0109375 0.209375
9 0.45273399999999997 0.023828099999999998 0.010156199999999999 0.047656199999999996
9 0.09335940000000002 0.822266 0.013281300000000001 0.0804688
9 0.4875 0.484375 0.07187499999999998 0.0125
9 0.944531 0.483594 0.009375000000000001 0.05
9 0.8246089999999998 0.34492199999999995 0.0414063 0.0117188
8 0.250391 0.8160159999999999 0.05859380000000001 0.0898438
2 0.8058590000000001 0.621094 0.0148437 0.0625
3 0.0777344 0.8093749999999997 0.025781200000000008 0.045312500000000006
9 0.8058590000000001 0.5578129999999999 0.010156199999999999 0.07656250000000002
9 0.6595950306966141 0.6582029999999978 0.056690061393231676 0.011718799999999967
9 0.09375 0.6957029999999998 0.0109375 0.07109380000000001
9 0.539844 0.0175781 0.0125 0.0351562
2 0.09335940000000001 0.7574219999999999 0.0164062 0.0648438
9 0.666797 0.028125 0.0117188 0.05625
2 0.8050780000000001 0.21914099999999995 0.0195312 0.0773437
2 0.9441409999999999 0.4363280000000001 0.013281300000000001 0.05703130000000001
9 0.8855470000000001 0.5574220000000001 0.010156199999999999 0.0742188
2 0.667578 0.0828125 0.0179687 0.0671875
5 0.911719 0.4925780000000001 0.03125 0.025781200000000008
2 0.7125 0.657812 0.0578125 0.015625
3 0.6546880000000002 0.728516 0.025 0.0460938
3 0.6859380000000002 0.7945309999999999 0.025 0.045312500000000006
9 0.4950804676130335 0.6582029999999962 0.16672293522607012 0.011718799999999939
9 0.8414060000000001 0.370703 0.0125 0.06015619999999999
9 0.4425779999999994 0.3880286441853841 0.02578119999999995 0.23488171162923074
5 0.4054690000000001 0.18554699999999996 0.028125 0.028906299999999992
2 0.8855469999999996 0.6207029999999999 0.013281300000000001 0.061718800000000004
3 0.205469 0.792969 0.03593749999999999 0.03125
9 0.805469 0.121875 0.0109375 0.121875
2 0.805469 0.4410160000000001 0.015625 0.06328130000000001
3 0.6855470000000002 0.837891 0.024218699999999992 0.0460938
5 0.8476560000000001 0.5363280000000001 0.0328125 0.02734380000000001
9 0.048398192552173314 0.6585820264434765 0.09367148510434661 0.009397447113043531
9 0.08724684418538424 0.2808589999999995 0.053631211629231054 0.44296899999999917
3 0.47265599999999997 0.0175781 0.0296875 0.0320312
3 0.832031 0.31406300000000004 0.037500000000000006 0.03593749999999999
2 0.540234 0.06210940000000001 0.0164062 0.0648438
3 0.294531 0.792969 0.03593749999999999 0.0328125
3 0.37929700000000005 0.839453 0.053906300000000004 0.0429688
3 0.6542970000000001 0.7714839999999998 0.025781200000000008 0.0460938
9 0.544531 0.5132809999999999 0.0625 0.021875
5 0.4078129999999999 0.12070299999999999 0.0296875 0.030468800000000004
2 0.7367189999999999 0.5191410000000001 0.096875 0.0179687
9 0.0546875 0.0476562 0.104687 0.0515625
3 0.6542970000000001 0.815625 0.025781200000000008 0.045312500000000006
3 0.7679690000000001 0.8253909999999999 0.03593749999999999 0.0335938
9 0.439453 0.13242200000000004 0.0367187 0.142969
11 0.0273438 0.876562 0.053125 0.040624999999999994
3 0.896484 0.826172 0.0367187 0.030468800000000004
3 0.6546880000000002 0.6851559999999999 0.025 0.046875
9 0.876562 0.39726600000000006 0.07500000000000001 0.021093799999999992
9 0.24921899999999997 0.8753910000000001 0.0703125 0.0367187
9 0.816797 0.509375 0.030468800000000004 0.0328125
3 0.311719 0.713281 0.0390625 0.03593749999999999
3 0.20625 0.8359380000000001 0.03593749999999999 0.03125
9 0.10039100000000001 0.875781 0.10546900000000001 0.03593749999999999
9 0.3953295888427693 0.05864875767415329 0.12027902231445427 0.02801498465169229
3 0.29531199999999996 0.8347660000000002 0.037500000000000006 0.0320312
11 0.300391 0.0539063 0.0773437 0.03437500000000001
5 0.8578130000000002 0.4925780000000001 0.0328125 0.022656300000000008
9 0.6 0.15976599999999996 0.129688 0.0195312
3 0.238672 0.713672 0.0398437 0.0351562
3 0.875 0.7203119999999998 0.040624999999999994 0.03437500000000001
11 0.5753910000000001 0.8773439999999999 0.0742188 0.037500000000000006
3 0.549219 0.776953 0.03437500000000001 0.0398437
3 0.548828 0.701953 0.0351562 0.0398437
9 0.28398400000000007 0.508594 0.3554690000000001 0.0328125
9 0.200781 0.0542969 0.129688 0.028906299999999992
3 0.4382809999999999 0.769922 0.03437500000000001 0.0414063
3 0.7996090000000001 0.7203119999999998 0.0398437 0.03437500000000001
11 0.44531200000000004 0.8773439999999999 0.07187499999999998 0.037500000000000006
3 0.9613280000000001 0.7203119999999998 0.0398437 0.037500000000000006
9 0.0554687 0.500391 0.11093700000000001 0.05078119999999999
9 0.37968700000000005 0.8761719999999997 0.0703125 0.0335938
9 0.9722660000000002 0.875781 0.055468699999999996 0.03593749999999999
11 0.315234 0.8765619999999998 0.0742188 0.037500000000000006
11 0.914844 0.876953 0.07343749999999999 0.0367187
11 0.18398399999999998 0.876562 0.0726563 0.0390625
11 0.746094 0.8769529999999999 0.07343749999999999 0.0382813
3 0.439844 0.7093750000000001 0.03437500000000001 0.0390625
9 0.509766 0.876172 0.06953119999999999 0.0351562
9 0.8300779999999999 0.8753909999999999 0.10546900000000001 0.0335938
9 0.6605469999999992 0.8761438711629225 0.10703099999999985 0.03510124232584725
3 0.035540951151534064 0.6738595070800395 0.04599417207845585 0.025087730224611682
8 0.8762338642252427 0.6797133107991142 0.24753227154950835 0.036795337662763036
10 0.9757485274495411 0.4903009476032932 0.02174269952799747 0.03428656464030358
10 0.9167923614217004 0.5383857638671329 0.022578957202151098 0.031777791617841424
5 0.8632718702758627 0.3728067443846921 0.03094153394368866 0.03177779161784222
8 0.8381841400512503 0.2762189830199347 0.0577017795166084 0.037631595336918476
9 0.9000672079386256 0.06271932556153038 0.19986558412274802 0.008362576741537377
10 0.568072911299591 0.13338309902752202 0.022578957202151133 0.04097662603353342
5 0.6036138624511243 0.02090644185384356 0.050175460449224586 0.0317777916178422
9 0.08822518462321943 0.017979539994305408 0.056029264168300646 0.035959079988610816
8 0.6910027894001917 0.7543044220866768 0.03595907998861095 0.03679533766276478
