11 0.08427362401468246 0.5909861284732427 0.07677283025421335 0.041474977263770356
11 0.45622474990147466 0.5892212358237205 0.07589038392945228 0.03971008461424825
11 0.6706592068184152 0.5874563431741985 0.12001270016750584 0.03794519196472614
11 0.8850936637353558 0.5887800126613401 0.0670659206818415 0.03706274563996498
2 0.4112199873386599 0.8813109693196357 0.015884033845699357 0.06971325965612478
2 0.14560364358557704 0.8791048535077332 0.015884033845699305 0.07059570598088573
2 0.47431489955907663 0.9677907091462207 0.07853772290373548 0.022061158119026855
2 0.8445011327963456 0.9920579830771501 0.0758903839294522 0.015884033845699877
2 0.02470849709331 0.9664670396590771 0.04941699418662 0.02117871179426574
0 0.21311078742979914 0.8120389328258915 0.11913025384274485 0.05647656478470871
0 0.3406242813577741 0.8138038254754136 0.11824780751798372 0.05824145743423074
0 0.9605428245024278 0.9316104098310167 0.05735901110946966 0.11736536119322272
10 0.3415067276825351 0.9395524267538664 0.028238282392354316 0.04500476256281465
10 0.21355201059217957 0.9399936499162469 0.03000317504187646 0.04588720888757575
1 0.17428314914031187 0.9386699804291054 0.03088562136663754 0.048534547861859026
1 0.3843053744334472 0.9382287572667249 0.034415406665681846 0.04765210153709794
5 0.29870808093162315 0.8711628365848832 0.034415406665681846 0.04588720888757575
5 0.2559094341807111 0.8689567207729809 0.03353296034092075 0.046769655212336975
5 0.7068395061336193 0.9377875341043442 0.04588720888757591 0.037945191964726066
7 0.7659634098926112 0.8760162913710691 0.04588720888757575 0.045004762562814785
9 0.2705439805071126 0.5883387894989541 0.301062560679215 0.030885621366637278
9 0.1442799740984354 0.8133626023130331 0.013236694871416084 0.07324304495516899
9 0.10015765786038174 0.9386699804291052 0.0997164346980012 0.016766480170460583
9 0.2470849709331004 0.9391112035914858 0.010589355897132849 0.04588720888757575
9 0.2594392194797554 0.9210210539338839 0.03353296034092075 0.009706909572371716
9 0.14383875093605433 0.9585250227362272 0.019413819144743518 0.038827638289483365
9 0.14427997409843443 0.921462277096262 0.013236694871415999 0.02470849709330556
9 0.20958100213075426 0.7846830967582952 0.14030896563700967 0.014119141196177146
9 0.3490075214430037 0.7846830967582947 0.14030896563700967 0.014119141196177146
9 0.4107787641762794 0.8142450486377942 0.013236694871416084 0.07324304495516899
9 0.4107787641762783 0.9364638646172015 0.013236694871416065 0.05471167213518871
9 0.29252785868339815 0.9682319323085962 0.2973782154946867 0.01941381914474367
9 0.060006350083752935 0.9532303447876634 0.01764892649522146 0.04765210153709794
9 0.29650196511972043 0.9219035002586449 0.03353296034092075 0.009706909572371716
9 0.30973865999113653 0.941758542565769 0.010589355897132849 0.04588720888757575
9 0.2775293691373567 0.77938841880973 0.018531372819982475 0.3741572416986918
9 0.025149720255690483 0.5883387894989567 0.050299440511380966 0.030885621366637406
9 0.5532938456251901 0.5883387894989507 0.12177759281703 0.03088562136663713
9 0.7892581032545702 0.5883387894989482 0.13130423390099163 0.03088562136663704
9 0.9557835267390868 0.5883387894989442 0.08843294652182644 0.030885621366636876
9 0.7964078080968515 0.7807120882968688 0.01853137281998224 0.3662152247758469
9 0.6552163961350946 0.9676490035621943 0.29032484084639587 0.020579676637545213
4 0.6212422126317952 0.9355814182924415 0.05118188683614222 0.051181886836142304
9 0.7628748477559459 0.9210210539338813 0.05735901110946731 0.011471802221894012
9 0.7372839043378737 0.937787534104341 0.007942016922849343 0.03971008461424381
9 0.9624018741748007 0.8698391670977381 0.07519625165039522 0.009706909572371828
9 0.9287747568110231 0.9289630708567317 0.015001587520938038 0.1226600391417852
9 0.9403407160557697 0.9929404294019052 0.11931856788844816 0.014119141196180717
