9 0.3513545201059219 0.025781199999999997 0.04729145978815654 0.010937499999999998
5 0.620313 0.11601600000000001 0.03437500000000001 0.0382813
5 0.346875 0.08515619999999999 0.040625 0.0390625
2 0.16835900000000004 0.20131488002648038 0.06953119999999999 0.01554671984111724
9 0.33125 0.03671870000000001 0.009375 0.03125
2 0.035546900000000006 0.20067676005296087 0.07109380000000001 0.015833179894078234
9 0.5423027407407405 0.4497528800264803 0.16898148148148187 0.0301822399470391
9 0.1500645998675977 0.055078099999999956 0.10013019973519541 0.02052077989407821
5 0.29531199999999996 0.034375 0.05000000000000002 0.0328125
9 0.7058590000000001 0.075 0.013281300000000001 0.04218750000000001
9 0.49960899999999997 0.0105469 0.06328130000000001 0.013281300000000001
7 0.576953 0.176953 0.0460938 0.04921880000000001
9 0.372656 0.030078099999999997 0.009375 0.05234369999999999
9 0.017968724999999994 0.0549740600529609 0.03593744999999999 0.019739479894078225
9 0.19843699999999997 0.028125 0.0203125 0.05625
9 0.12148399999999998 0.3218750000000001 0.011718799999999998 0.234375
9 0.5014974001324023 0.10209588002648053 0.0595049997351954 0.011432239947039145
9 0.10039100000000001 0.200391 0.07265630000000001 0.011718799999999998
2 0.7063928800264807 0.03039051984111731 0.016327919841117436 0.060780939682234615
9 0.2954558800264805 0.34212240013240225 0.0122135399470391 0.19674480026480434
9 0.5746090000000001 0.148438 0.047656199999999996 0.009375
9 0.6325002801588827 0.09179690000000004 0.15093756031776545 0.013281300000000001
9 0.985937 0.0546875 0.028125 0.0203125
9 0.4734369999999999 0.08203119999999998 0.009375 0.0453125
9 0.23583376005296094 0.2018487600529608 0.08302067989407817 0.010364479894078106
9 0.4734369999999999 0.030468799999999997 0.010937499999999998 0.046875
11 0.405651520105922 0.45063811997351905 0.11838495978815654 0.035650939947039134
11 0.0382813 0.447656 0.075 0.0375
11 0.6816796400794414 0.45039099999999943 0.11830667962927408 0.03671869999999996
9 0.592969 0.12148400000000001 0.009375 0.05859380000000001
11 0.8847659999999996 0.447656 0.07890630000000001 0.03692697989407826
11 0.209766 0.4484380000000001 0.06484380000000001 0.0375
9 0.9704558800264789 0.23326859986759782 0.017890519841117176 0.4115888002648046
9 0.9574220000000001 0.4496089999999999 0.0851562 0.0335938
9 0.2867190000000003 0.2198177600529611 0.02911447989407821 0.04572895978815663
9 0.7917969999999996 0.4497528800264805 0.11953099999999994 0.0301822399470391
9 0.29374999999999996 0.450286760052961 0.11718799999999999 0.0291144798940782
9 0.12681011997351954 0.4506767600529607 0.12122419973519548 0.029895679894078438
9 0.5487374403442455 0.21878914007944125 0.016587919311508385 0.4375782801588825
9 0.5348565596557538 0.21878914007944128 0.016587919311508385 0.4375782801588825
4 0.5787686591069255 0.22903453136011273 0.05018472248916232 0.045913682277318645
7 0.4344977937497484 0.08488692421039143 0.04591368227731869 0.03950712195955324
2 0.06780276336301709 0.05498964272748632 0.07367544365430204 0.02242296111217887
4 0.28562581416704036 0.08755632434279363 0.04591368227731863 0.0491169624362013
9 0.36357229803318597 0.05659128280692764 0.3342088965767613 0.01708416084737439
4 0.3982744997544152 0.026160121297542013 0.04698144233027955 0.05232024259508403
5 0.6550707924915112 0.07314156362782157 0.04591368227731861 0.03096504153586606
0 0.5829969889166501 0.044312042197877294 0.05552352275396665 0.08862408439575459
