2 0.7557390103359173 0.349609 0.10366602067183446 0.030468799999999997
8 0.5385369948320414 0.7940049948320415 0.11823901033591731 0.06198931033591732
9 0.437109 0.3503910000000001 0.0617188 0.0257812
7 0.43867200000000006 0.671484 0.0570313 0.0617188
9 0.9186149948320412 0.504687 0.01589551033591717 0.33593800000000007
0 0.48320300000000005 0.49609400000000003 0.147656 0.075
3 0.6585939999999999 0.745703 0.10000000000000002 0.133594
9 0.5508270465116276 0.5360730051679589 0.29095380361757067 0.011749031007751945
9 0.432813 0.4023440000000001 0.05156249999999999 0.012500000000000002
9 0.6586989741602065 0.349609 0.10760305167958649 0.025781199999999997
9 0.6136719999999999 0.375 0.0210938 0.06875
9 0.46093800000000007 0.576172 0.012500000000000002 0.0835937
2 0.688672 0.4792969999999999 0.0210938 0.0945313
9 0.6875 0.39921899999999994 0.01875 0.0890625
9 0.45742200000000005 0.374219 0.0195312 0.0640625
9 0.5536510051679588 0.8446509896640818 0.3216027209302327 0.03882232067183506
9 0.5371089999999998 0.39804700000000004 0.16328099999999998 0.024218699999999992
9 0.9191410000000001 0.770312 0.0210938 0.12968799999999997
9 0.9111929948320413 0.6898439999999998 0.03698931033591731 0.053125
9 0.435156 0.6105470000000001 0.0625 0.0148437
11 0.7859530155038761 0.8450570051679581 0.1609680310077519 0.04480181033591729
9 0.8615679793281649 0.3498649948320414 0.1293869586563309 0.026833010335917243
9 0.8925780000000002 0.8446509896640829 0.07578120000000005 0.03882232067183451
9 0.4011627906976743 0.5801033591731267 0.021963824289405676 0.5271317829457365
1 0.6434108527131782 0.39018087855297146 0.04134366925064601 0.062015503875969
5 0.6291989664082687 0.5122739018087855 0.062015503875969 0.04263565891472867
10 0.4373385012919894 0.4366925064599483 0.05555555555555536 0.03875968992248062
5 0.5762273901808785 0.5704134366925065 0.059431524547803614 0.05297157622739018
4 0.6608527131782949 0.5729974160206717 0.06589147286821709 0.06847545219638222
3 0.5109819121447028 0.75 0.05555555555555555 0.027131782945736434
3 0.5652454780361756 0.7506459948320416 0.05297157622739018 0.0310077519379845
3 0.46640826873385016 0.7926356589147283 0.03617571059431524 0.05555555555555555
8 0.7590439276485788 0.7280361757105943 0.05813953488372093 0.060723514211886306
3 0.8817829457364346 0.40956072351421186 0.06330749354005166 0.09819121447028417
3 0.8830749354005172 0.5025839793281652 0.06330749354005166 0.09819121447028417
