9 0.41103760977472303 0.479574264986636 0.16228140511645658 0.030542191676212336
9 0.4048276783119425 0.23840206185567003 0.017316029043176438 0.47680412371134007
4 0.44652061855670105 0.2603092783505155 0.04768041237113402 0.04896907216494847
7 0.44587628865979384 0.2061855670103092 0.0463917525773196 0.04896907216494847
5 0.48840206185567003 0.1456185567010309 0.03608247422680412 0.043814432989690705
5 0.5251288659793815 0.1030927835051546 0.04768041237113402 0.03092783505154639
0 0.45360824742268036 0.05927835051546392 0.06185567010309283 0.11597938144329896
9 0.8415860107293642 0.2628865979381444 0.017858906376323893 0.4355670103092784
9 0.8567908342228293 0.47928822049138625 0.13435647588424057 0.0285369610790848
9 0.6681701030927834 0.47891944413914067 0.1224226804123712 0.029639175257732405
11 0.9536082474226804 0.47680412371134007 0.07216494845360827 0.03350515463917518
9 0.9916237113402055 0.4774484536082473 0.016752577319588496 0.029639175257731947
11 0.7570876288659794 0.47744845360824756 0.06829896907216494 0.032216494845360814
11 0.5509020618556701 0.4780927835051548 0.12757731958762888 0.03350515463917526
9 0.161082474226804 0.48011693856441595 0.11082474226804122 0.030194397225144543
9 0.029639175257731937 0.48002577319587636 0.05927835051546387 0.03111428066671322
11 0.0824742268041237 0.4787371134020619 0.06443298969072163 0.02963917525773195
11 0.27512886597938147 0.4780927835051545 0.13273195876288663 0.03608247422680412
9 0.15721649484536077 0.24880250557472494 0.030927835051546376 0.04620942184024113
9 0.10695876288659789 0.2315899865343529 0.0876288659793814 0.012521936463987516
9 0.007731958762886597 0.23067010309278346 0.015463917525773195 0.012886597938144324
9 0.16559278350515452 0.3672680412371133 0.011597938144329934 0.20360824742268033
5 0.8679123711340206 0.1643041237113402 0.045103092783505154 0.05025773195876289
7 0.869201030927835 0.27448453608247414 0.04252577319587629 0.051546391752577296
9 0.8743556701030927 0.1320876288659794 0.06314432989690723 0.0115979381443299
9 0.9020618556701033 0.11018041237113399 0.010309278350515462 0.05283505154639175
9 0.9188144329896901 0.08459160467096803 0.16237113402061834 0.02117377866844309
2 0.8408505154639172 0.027706185567010273 0.019329896907216773 0.05541237113402055
9 0.5768575884690375 0.1055768802852001 0.012335490848820326 0.04142355901722869
9 0.4965048544098463 0.121502796970802 0.1631128016031973 0.008104849993220125
9 0.46391752577319584 0.15077319587628865 0.012886597938144324 0.06185567010309278
9 0.44845360824742264 0.17783505154639173 0.04896907216494847 0.010309278350515462
9 0.3743556701030929 0.13079896907216496 0.07345360824742268 0.0115979381443299
9 0.34536082474226804 0.11146907216494846 0.010309278350515462 0.05283505154639175
5 0.16559278350515463 0.0631443298969072 0.0502577319587629 0.03350515463917524
9 0.57658409236342 0.016108247422680414 0.011050945933094334 0.03221649484536083
2 0.5760309278350516 0.055412371134020616 0.020618556701030924 0.06701030927835051
7 0.30347938144329906 0.11533505154639177 0.05798969072164948 0.045103092783505154
5 0.21520618556701032 0.11404639175257732 0.043814432989690705 0.045103092783505154
4 0.15528350515463923 0.11469072164948453 0.05025773195876293 0.04381443298969069
9 0.2406811960691514 0.0875356431717982 0.3433798759029352 0.015285701666782963
9 0.06774786198284116 0.04188144329896903 0.01583680875610679 0.08376288659793805
9 0.19974226804123718 0.06378865979381444 0.007731958762886597 0.029639175257731947
9 0.2197164948453608 0.05412371134020618 0.04252577319587629 0.012886597938144324
9 0.2422680412371134 0.04188144329896908 0.012886597938144324 0.08376288659793817
9 0.3440721649484537 0.05992268041237112 0.012886597938144324 0.04510309278350515
9 0.3717783505154639 0.04059278350515465 0.06314432989690735 0.014175257731958761
2 0.04123711340206185 0.2306701030927834 0.06443298969072163 0.015463917525773226
0 0.10253961897678664 0.03994845360824741 0.052652720809313276 0.07989690721649483
4 0.2686855670103094 0.056701030927835044 0.04768041237113401 0.04896907216494844
10 0.21520618556701032 0.027706185567010308 0.04896907216494847 0.03479381443298969
5 0.375644329896907 0.009664948453608251 0.04510309278350513 0.019329896907216502
9 0.4195458133770484 0.23932194529723916 0.017316029043176438 0.47680412371134007
9 0.03508724687845354 0.08569587628865989 0.07017449375690708 0.022644769199336015
