11 0.1020671834625323 0.5885012919896642 0.124031007751938 0.040051679586563305
11 0.310077519379845 0.5897932816537468 0.08527131782945734 0.037467700258397935
11 0.6563307493540051 0.5872093023255814 0.12144702842377264 0.040051679586563305
11 0.8675710594315246 0.5885012919896642 0.07881136950904394 0.04263565891472867
2 0.2532299741602067 0.9657622739018089 0.07751937984496124 0.024547803617571057
2 0.8023255813953489 0.9657622739018089 0.07751937984496124 0.024547803617571057
2 0.375968992248062 0.8798449612403101 0.01808785529715762 0.07235142118863049
2 0.9334625322997416 0.8798449612403101 0.01937984496124031 0.06976744186046512
5 0.5987398313503878 0.9373463109419636 0.04500476256281472 0.03706274563996498
5 0.04323986991329257 0.9369050877795831 0.04765210153709794 0.03971008461424825
5 0.4871103712681121 0.8808697461572552 0.03353296034092075 0.047652101537098056
1 0.39710084614248276 0.9377875341043442 0.03529785299044295 0.04500476256281465
1 0.9548069233914808 0.9377875341043443 0.03529785299044295 0.046769655212336836
7 0.5378510349418739 0.8746926218839276 0.04500476256281472 0.047652101537098056
4 0.6861020175017338 0.9355814182924415 0.05029944051138114 0.052946779485664335
0 0.4398994928933948 0.8093915938516083 0.12089514649226701 0.05647656478470871
0 0.9699026679352706 0.8098328170139862 0.06019466412945858 0.05382922581042517
10 0.4434292781924391 0.9391112035914858 0.02912072871711537 0.04765210153709794
10 0.993287495541438 0.9382287572667223 0.01342500891712247 0.047652101537097105
9 0.47228920636954447 0.5887800126613386 0.25450538677592965 0.0352978529904429
9 0.21664057272884274 0.5870151200118159 0.1173653611932215 0.03176806769139852
9 0.02426727393092892 0.5878975663365741 0.048534547861857825 0.03176806769139835
9 0.7716993110035547 0.5861326736870467 0.12618982444083612 0.03176806769139807
9 0.9500476256281449 0.5887800126613306 0.0999047487437097 0.031768067691398144
9 0.5091715293871312 0.7802708651344892 0.017648926495221214 0.37768702699774176
9 0.5400571507537759 0.9214622770962628 0.06353613538279795 0.010589355897132804
9 0.5678542099837501 0.9426409888905302 0.011471802221893902 0.040592530939009344
9 0.4782859080205014 0.9395524267538664 0.008824463247610697 0.046769655212336836
9 0.4893164870800144 0.9219035002586439 0.029120728717114856 0.009706909572371976
9 0.10986456743275337 0.968231932308597 0.21972913486550674 0.021178711794265517
9 0.5299768499031144 0.9686731554709721 0.479304018113446 0.02029626546950426
4 0.1288371634151166 0.9351401951300611 0.04941699418662007 0.05029944051138119
9 0.3763633575105975 0.8129213791506527 0.013236694871416084 0.07765527657897446
9 0.4416643855429164 0.7807120882968707 0.14030896563700945 0.009706909572371844
9 0.9323045421100734 0.8129213791506527 0.01676648017046045 0.07765527657897446
9 0.9647021470095568 0.780270865134493 0.0705957059808859 0.010589355897132955
9 0.932745765272452 0.9188149381219803 0.01235424854665512 0.026473389742833482
9 0.8899471185215418 0.9382287572667252 0.09795154204847915 0.017648926495221394
9 0.8484721412577666 0.9545540142748011 0.0185313728199816 0.04500476256281104
9 0.9314220957853115 0.9558776837619456 0.013236694871416077 0.035297852990443475
9 0.9638197006847947 0.9691143786333594 0.0723605986304053 0.021178711794265705
9 0.3759221343482164 0.9369050877795826 0.010589355897132873 0.05206433316090424
