9 0.009375 0.18046900000000002 0.01875 0.012500000000000004
2 0.5375 0.13515599999999997 0.0828125 0.0234375
9 0.3449568542565771 0.4636719999999998 0.016476708513153714 0.11640599999999988
2 0.4101560000000001 0.013671900000000004 0.0828125 0.025781200000000008
9 0.9863280000000002 0.35546900000000003 0.027343799999999994 0.0140625
2 0.17432496356414423 0.13750000000000004 0.07208792712828842 0.03125
2 0.8734380000000002 0.0148437 0.08437500000000002 0.0265625
2 0.3039059999999999 0.13554699999999997 0.07424223617105126 0.025781200000000008
5 0.9871090000000001 0.27031199999999994 0.025781200000000008 0.0546875
9 0.9851559999999999 0.198828 0.0296875 0.011718799999999998
9 0.380859 0.18085900000000002 0.0367187 0.011718799999999998
9 0.1879607336792144 0.017523142325846015 0.3759214673584288 0.020873669303384725
9 0.586719 0.16210899999999998 0.009375 0.04921880000000001
9 0.223047 0.20039099999999993 0.0351562 0.0195312
9 0.2398439999999999 0.13525134547861853 0.06718749999999997 0.021306627128288458
9 0.02500000000000002 0.3538697449490099 0.018750000000000003 0.3188225101019814
9 0.906641 0.173047 0.010156199999999999 0.06796869999999999
9 0.23026769095723715 0.17374527260690711 0.020714918085525676 0.0678028452138141
9 0.985937 0.159375 0.028125 0.01875
9 0.9664059999999999 0.338672 0.015625 0.34921900000000006
7 0.9389560364358561 0.2540013454786186 0.04396292712828822 0.043986363299339706
9 0.4311672726069069 0.3181576909572371 0.14045954521381432 0.010558618085525516
9 0.34839674074074073 0.5656250000000002 0.020393518518518512 0.08906250000000003
9 0.642187 0.161328 0.010937499999999998 0.047656199999999996
9 0.39492200000000005 0.16093799999999997 0.010156199999999999 0.046875
9 0.18236250877795812 0.6011433588262668 0.3446499824440829 0.022760754689569444
9 0.49726599999999993 0.166797 0.013281300000000001 0.06015619999999999
9 0.6160159999999999 0.18085900000000002 0.06328130000000001 0.011718799999999998
9 0.021673790957237184 0.5625000000000001 0.02696491808552564 0.10000000000000003
9 0.2196263454786184 0.5024267273930927 0.016998009042762836 0.19202154521381412
9 0.074135772606907 0.13789100000000004 0.13922845478618578 0.02658603617105125
9 0.9324219999999996 0.20273400000000005 0.06328130000000001 0.011718799999999998
0 0.428125 0.287109 0.121875 0.05859380000000001
11 0.5144529999999999 0.5277340000000001 0.07890630000000001 0.0398437
11 0.7535159999999993 0.5304689999999999 0.1335939999999999 0.0351797361710515
9 0.08749999999999991 0.1999056545213814 0.11562499999999992 0.02092774521381409
2 0.4964839999999999 0.22187499999999996 0.0164062 0.0703125
9 0.5836883454786185 0.41738830904276286 0.029498109042762823 0.047277418085525554
9 0.4210940000000001 0.13486034547861867 0.16718699999999997 0.02090430904276284
9 0.49726599999999993 0.285156 0.011718799999999998 0.0703125
9 0.952734 0.0175781 0.0945313 0.022656300000000008
9 0.4175779999999997 0.5298766909572372 0.13515599999999997 0.030492236171051276
9 0.905078 0.528906 0.18203099999999994 0.03437500000000001
9 0.6203129999999998 0.5302676909572372 0.146875 0.03008981808552564
6 0.07619924014311867 0.39975092070037294 0.09027425902305777 0.16598815368755784
9 0.28247106855601933 0.41236990314445593 0.1358967340132053 0.016501746273031973
9 0.35951721861513475 0.3311726843371251 0.016476708513153693 0.3833460132402255
9 0.027664692281259638 0.17035626299512516 0.024267273930929503 0.05338800264804493
2 0.1752956545213814 0.20156560317765412 0.0682051632993397 0.031250000000000035
5 0.38487896454454207 0.22520030207902583 0.030091419674352554 0.04271040211843589
10 0.4324428214491641 0.16404677177308344 0.03009141967435258 0.044651784032910334
1 0.4766092600034554 0.1650174627303207 0.02912072871711537 0.044651784032910376
4 0.7391811639361127 0.16695884464479505 0.04950523881909621 0.050475929776333375
9 0.7741260383966506 0.13492604305596806 0.404778129167903 0.021355201059217958
9 0.9684525438897924 0.1490010619359072 0.018443128187506378 0.03979832924672441
9 0.6424667795817739 0.0166868846516922 0.3951553938639653 0.020873669303384638
