5 0.263281 0.375 0.03125 0.0375
9 0.22791475591048904 0.7273589507986009 0.07145431182097922 0.009404901597203676
9 0.25781200000000004 0.839063 0.0125 0.09375
2 0.7054690000000001 0.451172 0.0703125 0.0195312
9 0.5366735610223768 0.6912262440895098 0.011027677955244824 0.17692351182097873
2 0.166406 0.725781 0.0671875 0.0203125
2 0.114063 0.45 0.0671875 0.021875
9 0.6187812479244716 0.4526441220447524 0.11412399584894371 0.011899055910489556
9 0.767578 0.43359400000000003 0.010156199999999999 0.046875
2 0.615625 0.6015619999999999 0.06406249999999998 0.01875
9 0.471875 0.43476600000000004 0.0109375 0.0445312
9 0.954297 0.43476600000000004 0.010156199999999999 0.0445312
2 0.3628910000000001 0.5699219999999999 0.0679687 0.0179687
11 0.9511720000000001 0.17656300000000003 0.0835937 0.0390625
9 0.4160148268363646 0.5803336830671318 0.033834705432164824 0.03620793386573415
9 0.017187499999999946 0.17845216660721896 0.0328124999999999 0.03659183321443871
11 0.535547 0.17656300000000003 0.0820312 0.0390625
9 0.223663194888111 0.6514272696489486 0.008623601597203719 0.1559795392978997
2 0.00898437 0.27656300000000006 0.0164062 0.0625
9 0.37961113993427054 0.4168868779552419 0.195464720131455 0.01189905591048958
9 0.8792969999999981 0.17934910250008212 0.07890629999999992 0.03682250500016458
9 0.1390619999999995 0.179349102500082 0.07499999999999982 0.03682250500016485
2 0.25585899999999995 0.766016 0.0164062 0.0664062
9 0.44570299999999835 0.17872723071435576 0.11328099999999966 0.03557996142871298
11 0.8063548287538462 0.17695299999999997 0.07989765750769397 0.04296879999999996
9 0.28164099999999914 0.17962416660721892 0.07421879999999981 0.034248133214438814
9 0.32695299999999994 0.8845852440895102 0.15234399999999998 0.010516811820979195
9 0.7437499999999989 0.17794623071435595 0.06718749999999982 0.03714246142871266
9 0.6070309999999991 0.1790730383929448 0.07968749999999973 0.037834376785891216
9 0.2749999999999999 0.5698321220447551 0.12499999999999994 0.015023955910489675
11 0.211328 0.17773399999999998 0.0882813 0.0429688
11 0.6802438051118878 0.177344 0.08326318977622409 0.04374999999999996
11 0.35273399999999994 0.178516 0.0851562 0.0445312
11 0.06875 0.17773399999999998 0.0875 0.0445312
9 0.8527045118209757 0.33865663578321514 0.019591476358040892 0.15255483067132672
9 0.8617189999999989 0.4167969999999999 0.18906299999999981 0.010516811820979284
9 0.40351599999999554 0.9073780805132791 0.011718799999999923 0.17413116102656162
9 0.00794790351468432 0.21934209446599 0.011749074760837691 0.0615098619832093
9 0.007256781469929138 0.37864572578205424 0.011749074760837652 0.1479001175776048
9 0.042849566774819825 0.45259578457085525 0.08569913354963965 0.011057952716082555
9 0.21563007796360978 0.4525957845708542 0.14928236166711456 0.011057952716082543
9 0.28474228243912575 0.43635441651911017 0.011057952716082566 0.03939395655104372
9 0.2909623808419201 0.30400454494849727 0.02211590543216495 0.22807027476920208
5 0.26158969393982806 0.3053867890380074 0.031100492013982205 0.03455610223775803
5 0.3172250185426185 0.27048512577787176 0.030409369969227017 0.03248273610349256
5 0.31929838467688393 0.34028845229814303 0.033173858148247706 0.031100492013982205
3 0.06289210607271956 0.31160688744080384 0.04423181086433025 0.03870283450628895
3 0.04043063961817687 0.39315928872191264 0.033864980193002846 0.03870283450628895
3 0.0763689859454452 0.3931592887219125 0.033864980193002846 0.03870283450628895
8 0.05494420255803522 0.35065528296947035 0.08500801150488468 0.044922932909085424
3 0.19074968435242418 0.27083068680024935 0.03179161405873735 0.033173858148247706
3 0.3953218095999516 0.44603012514568247 0.13269543259299074 0.025571515655940992
4 0.32206287285590457 0.3941959717890455 0.044231810864330236 0.04215844473006478
3 0.38910171119715514 0.26599283248696326 0.03455610223775803 0.033173858148247665
3 0.5418396830880456 0.3354505979848569 0.03455610223775803 0.038011712461533856
3 0.5757046632810484 0.33614172002961207 0.03455610223775803 0.038011712461533856
8 0.5618822223859451 0.293292153254792 0.08569913354963984 0.04492293290908538
3 0.5539343188712609 0.2538981967037479 0.04215844473006478 0.035247224282513125
9 0.6092240824516727 0.28568981076248506 0.011749074760837658 0.19144080639717878
2 0.6085329604069184 0.4066361685946383 0.017278051118878972 0.06565659425174022
9 0.6092240824516729 0.4436111979890388 0.010366830671327727 0.01520468498461339
9 0.48758660257476555 0.45190466252609957 0.04077620064055436 0.01244019680559274
2 0.5349284626404932 0.4536324676379884 0.06358322811747465 0.01866029520838906
3 0.6434346236670541 0.3596398695512875 0.03455610223775803 0.038011712461533856
3 0.677990725904812 0.35963986955128746 0.03455610223775803 0.038011712461533856
3 0.6645138460320865 0.2773963462254233 0.04215844473006478 0.035247224282513125
8 0.6569115035397796 0.3174814248212227 0.086390255594395 0.0463051769985957
3 0.7664543476334725 0.27359517497926994 0.033173858148247665 0.03593834632726835
5 0.8258908434824164 0.29605664143381266 0.034556102237757944 0.033864980193002846
5 0.8272730875719266 0.3582576254617771 0.034556102237757944 0.033864980193002846
5 0.878416118883808 0.37691792067016594 0.02764488179020711 0.03386498019300278
9 0.8611380677649265 0.22556219286878643 0.012440196805592893 0.08086127923635368
3 0.9301966734797287 0.2905276650757715 0.03317385814824775 0.033864980193002846
9 0.9647527757174857 0.4525957845708563 0.03040936996922627 0.011057952716082654
3 0.8610844690042125 0.4391189046981308 0.13269543259299083 0.02695375974545127
5 0.2439660817985715 0.6108627328197883 0.037320590416778626 0.037320590416778585
3 0.06081873993845408 0.8130159309106725 0.041467322685309595 0.0366294683720234
3 0.12025523578739783 0.8123248088659172 0.041467322685309595 0.0366294683720234
3 0.17969173163634164 0.8123248088659172 0.041467322685309595 0.0366294683720234
3 0.28785233164052415 0.8264928107833981 0.03801171246153381 0.034556102237757944
3 0.28854345368527934 0.8624311571106665 0.03801171246153381 0.034556102237757944
3 0.37631595336918466 0.8264928107833981 0.03801171246153381 0.034556102237757944
3 0.3756248313244296 0.8617400350659113 0.03801171246153381 0.034556102237757944
8 0.3313930204600992 0.8427341788351445 0.050451909267126685 0.07671454696782262
9 0.25778852269367464 0.7318090906519413 0.01105795271608254 0.016586929074123874
3 0.0604731789160765 0.9218676529596103 0.03662946837202349 0.040085078595799066
3 0.11990967476502029 0.9225587750043655 0.03662946837202349 0.040085078595799066
3 0.17934617061396402 0.9218676529596103 0.03662946837202349 0.040085078595799066
3 0.4595961597621809 0.890421599923249 0.04284956677482127 0.03939395655104403
9 0.06807552140838327 0.7256245482321977 0.13615104281676654 0.013822440895103049
3 0.10539611182516177 0.7439392824182128 0.05045190926712664 0.029718247924471693
3 0.05839981278181089 0.7439392824182128 0.05045190926712666 0.029718247924471693
3 0.017969173163634153 0.7439392824182117 0.035938346327268306 0.02971824792447165
9 0.39670405368946193 0.5694309661175352 0.008293464537061937 0.013822440895103228
9 0.49346113995518226 0.6032959463105313 0.1879851961734029 0.009675708626571907
9 0.4689263073663757 0.8258372447216915 0.14029777508529567 0.012440196805592867
3 0.4792931380377031 0.8427697348182009 0.05045190926712659 0.02557151565594048
3 0.43333352206148484 0.8427697348181998 0.04837854313286125 0.025571515655940454
3 0.47376416167966234 0.972009557187416 0.033864980193002846 0.03801171246153394
3 0.4378258153523939 0.9709728741202832 0.033864980193002846 0.034556102237757944
8 0.45130269522511945 0.9301966734797287 0.08846362172866047 0.04423181086433016
9 0.6137163757425822 0.7788409456783486 0.15895807029368675 0.013822440895103311
9 0.5387296338866471 0.8016479731552684 0.013131318850348175 0.04699629904335114
9 0.6154441808544688 0.823763878587429 0.15412021598039943 0.013822440895103281
9 0.6824830191957169 0.8016479731552687 0.017278051118878875 0.05252527540139188
9 0.6672783342111068 0.6029503852881599 0.051834153356637096 0.011749074760837747
3 0.4996812383579807 0.5739232594084437 0.13131318850348045 0.024189271566430626
3 0.6178631080111131 0.9184475987188909 0.031791614058737386 0.031791614058737545
