0 0.476562 0.7394530000000001 0.139062 0.0726563
2 0.745313 0.47539100000000006 0.021874999999999995 0.09765620000000003
9 0.3980469999999998 0.6022690568475452 0.01953119999999999 0.5154150516795863
0 0.8265630000000002 0.568359 0.146875 0.0757812
2 0.686719 0.341016 0.096875 0.030468799999999997
9 0.8828119999999999 0.403516 0.04218750000000001 0.010156199999999999
9 0.475781 0.37851599999999996 0.0140625 0.0648438
9 0.7453129999999998 0.563296015503876 0.01875 0.10003003100775193
9 0.9074219999999998 0.6026600568475454 0.01953119999999999 0.5131321136950906
9 0.7455679948320415 0.391016 0.01667671033591731 0.0929687
9 0.866016 0.378125 0.011718799999999998 0.0609375
9 0.4421869999999999 0.40468699999999996 0.078125 0.0140625
9 0.822266 0.607422 0.172656 0.0148437
11 0.763672 0.866016 0.0867188 0.0476562
9 0.516797 0.340625 0.25234400000000007 0.025000000000000005
9 0.8236779793281656 0.3414059999999999 0.18954295865633047 0.024999999999999994
9 0.858594 0.868359 0.12343799999999998 0.04140630000000001
9 0.661328 0.86875 0.144531 0.040625
9 0.4492190000000001 0.8679690000000001 0.121875 0.040625
11 0.5503909999999999 0.8683590000000001 0.0945313 0.0476562
5 0.43604651162790703 0.4496124031007752 0.050387596899224806 0.059431524547803614
5 0.8785529715762275 0.4928940568475452 0.03875968992248062 0.060723514211886306
10 0.8727390180878548 0.43475452196382436 0.058139534883720916 0.040051679586563374
1 0.7719638242894057 0.3791989664082687 0.04263565891472867 0.060723514211886306
7 0.4334625322997416 0.5936692506459949 0.05813953488372093 0.060723514211886306
4 0.609173126614987 0.38501291989664066 0.06330749354005173 0.0671834625322997
3 0.6698966408268734 0.7583979328165376 0.0917312661498708 0.14470284237726097
3 0.5077519379844961 0.6918604651162791 0.05167958656330749 0.032299741602067174
3 0.43992248062015504 0.6905684754521964 0.05297157622739018 0.029715762273901807
3 0.43992248062015504 0.7861757105943152 0.05297157622739018 0.02454780361757106
3 0.5083979328165374 0.7855297157622738 0.05555555555555555 0.023255813953488365
8 0.7500000000000003 0.7590439276485789 0.060723514211886306 0.060723514211886306
