11 0.55108772981329 0.867206035509287 0.10148132734752335 0.04412231623805356
11 0.763316070918328 0.8645586965350038 0.08118506187801869 0.04588720888757561
2 0.6874256869888756 0.3412680259516877 0.10236377367228437 0.028238282392354354
2 0.7452259212607258 0.47539986731537065 0.020296265469504665 0.09706909572371805
8 0.4765210153709793 0.7388100952565508 0.1429563046112938 0.07500793760469118
8 0.7496381528845312 0.7582239144012943 0.060888796408514016 0.060888796408514016
3 0.6693355373312737 0.7586651375636749 0.08559729350182399 0.1429563046112938
3 0.5082890830623779 0.6924816632065945 0.052946779485664404 0.03176806769139872
3 0.440340716055775 0.6924816632065945 0.052946779485664404 0.03176806769139872
3 0.5091715293871387 0.7851385273065068 0.052946779485664404 0.03176806769139872
3 0.44122316238053616 0.7851385273065068 0.052946779485664404 0.03176806769139872
7 0.4350460381072088 0.5932064516709739 0.052946779485664335 0.06265368905803613
5 0.4350460381072087 0.44936770073491905 0.05118188683614222 0.057359011109469796
5 0.8806814321115505 0.4930487938105921 0.04235742358853153 0.058241457434230745
0 0.8264109831387445 0.5693804009024249 0.15089832153414348 0.07500793760469118
1 0.7725817573283191 0.38141933372831643 0.04147497726377043 0.05912390375899181
10 0.8736218615134613 0.4339248900516 0.060006350083752526 0.037062745639965027
4 0.6102116335722819 0.3805368874035554 0.0644185817075583 0.060888796408514016
9 0.5149074304980846 0.3408268027893056 0.2514972025569076 0.02735583606759314
9 0.39754206930486163 0.6068843697047693 0.01853137281998244 0.5594709698985176
9 0.4469590634914817 0.8689709281588023 0.1173653611932215 0.03882763828948701
9 0.6613935204084207 0.868529704996418 0.13854407298748886 0.037945191964726184
9 0.8581790508301408 0.8680884818340392 0.12266003914178857 0.03882763828948693
9 0.9080372681791242 0.5954125674828693 0.02117871179426696 0.5347624728052047
9 0.8206750820277978 0.6077668160295316 0.16942969435412597 0.0141191411961771
9 0.7452259212607237 0.5671742850905211 0.016766480170460257 0.09883398837323801
9 0.47696223853335923 0.37921321791641355 0.011471802221893965 0.060006350083752755
9 0.44254683186767735 0.40436293817210306 0.08030261555325856 0.013236694871416054
9 0.820675082027795 0.3408268027893053 0.17119458700364817 0.02559094341807094
9 0.7461083675854835 0.39244991278782854 0.016766480170460247 0.08647973982658268
9 0.8665622909153717 0.3783307715916523 0.012354248546655117 0.06177124273327429
9 0.8846524405729745 0.40259804552258105 0.04323986991329087 0.01323669487141605
