2 0.11328099999999998 0.4496089999999999 0.065625 0.0210938
9 0.04774860932623546 0.2601559999999998 0.011519906217490317 0.1468749999999999
11 0.12226600000000001 0.17539100000000002 0.0851562 0.0429688
2 0.0474574062174902 0.35877821865246967 0.016022687565019324 0.06525556269505771
11 0.23529073471635115 0.49911201554372314 0.03723053056729604 0.08265603160760589
9 0.23643498445627334 0.3945525626950569 0.038068231087451304 0.13592362486996085
9 0.20244998445627346 0.1776846870448642 0.10177496891254822 0.036250436784786656
9 0.23529792228137086 0.20948198445627408 0.03721645543725715 0.09708796891254835
9 0.05039059999999986 0.17720207771862878 0.07890629999999982 0.03721645543725752
9 0.23539771917262386 0.7660292393368167 0.03701756165474692 0.4664617289337167
9 0.04804689999999996 0.41688960932623537 0.011718799999999991 0.06346601865247103
9 0.16727242176121584 0.5697295937825085 0.1185791564775677 0.01917593782509709
9 0.04681769446998715 0.4512471724990503 0.07033914024036222 0.010739570650521127
9 0.18171073985697445 0.45108409875815275 0.08503130775358449 0.012230530567296243
3 0.15783208493987222 0.4047828044676758 0.038438810354360003 0.041933247659301856
3 0.15724967872238185 0.32208112158405267 0.038438810354360003 0.041933247659301856
3 0.15724967872238188 0.23879703248293932 0.038438810354360003 0.041933247659301856
8 0.19830931705544827 0.32178991847530747 0.046010091181733964 0.2510170797383208
3 0.065229496358914 0.3022793101893823 0.026790686004553955 0.05008693470416604
11 0.2358745180835728 0.2917959982745569 0.04076843522432125 0.07687762070872003
6 0.17035381861591375 0.802564292270787 0.10075627562582251 0.2364569243010632
6 0.06144385594522664 0.8031466984882774 0.10192108806080254 0.23645692430106313
2 0.07425679273001368 0.5696018052746649 0.07513040205624916 0.020966623829650928
9 0.007571280827373854 0.7961578238783932 0.015142561654747708 0.4076843522432133
9 0.017763389633454245 0.5803763202982352 0.03552677926690849 0.03902121657185031
3 0.06464709014142367 0.42225303224961896 0.027955498439534557 0.05008693470416601
3 0.03144993574447637 0.42225303224961896 0.027955498439534557 0.05008693470416601
