11 0.1946235369260547 0.6020167075327563 0.07862596753621158 0.034944874460538414
11 0.35575823582742655 0.6029873984899935 0.061153530305942325 0.036886256375012784
11 0.6411413772551576 0.6039580894472306 0.0766845856217372 0.036886256375012784
11 0.8600321881121417 0.6020167075327563 0.11454153295398725 0.034944874460538414
2 0.3407125259902503 0.8917679582680544 0.017472437230269207 0.07086043987831415
2 0.29606074195734 0.9820422172911123 0.0757138946645001 0.02038451010198091
2 0.6416267227337761 0.9805861808552566 0.07959665849344877 0.023296582973692324
2 0.5862973381712568 0.8951653766183847 0.019413819144743653 0.07183113083555134
5 0.4426350765001542 0.8990481404473334 0.03300349254606411 0.044651784032910424
5 0.4868015150544461 0.8922533037466731 0.03009141967435263 0.044651784032910286
5 0.8954624080512988 0.9519507976167597 0.04562247499014746 0.03979832924672435
5 0.107746696253327 0.9053576316693751 0.03882763828948722 0.04562247499014746
5 0.05775611195561223 0.894680031139766 0.032032801588826945 0.04756385690462198
4 0.16550280820893926 0.951465452138141 0.04368109307567311 0.050475929776333396
4 0.80907091285719 0.9509801066595226 0.04756385690462183 0.051446620733570564
7 0.9566159383572412 0.8893412308749618 0.04368109307567309 0.04659316594738465
7 0.10629065981747125 0.8267316641331636 0.043681093075673125 0.04562247499014746
0 0.5261144988225517 0.8247902822186891 0.11454153295398734 0.05727076647699355
0 0.40089536533895553 0.8383799556200096 0.11648291486846162 0.0572707664769937
0 0.03543021993915708 0.8252756276973077 0.07086043987831415 0.06018283934870512
1 0.3591556541777568 0.9534068340526154 0.03300349254606411 0.048534547861859026
1 0.5678542099837505 0.9543775250098525 0.031062110631589816 0.048534547861859026
10 0.5265998443011704 0.9538921795312341 0.028150037759878184 0.04756385690462183
10 0.4008953653389554 0.9538921795312341 0.029120728717115442 0.04562247499014746
10 0.014560364358557705 0.9534068340526154 0.027179346802641047 0.04659316594738465
9 0.4639902775593721 0.7927574806298618 0.017472437230269214 0.36983325470736544
9 0.08153804040792315 0.6020167075327559 0.1630760808158463 0.031062110631589843
9 0.2781029592484522 0.602016707532756 0.1019225505099039 0.03106211063158987
9 0.4950523881909619 0.6029873984899937 0.22714168399350046 0.031062110631589878
9 0.7401518548933497 0.6029873984899937 0.13104327922701992 0.031062110631589878
9 0.9553482159670895 0.6029873984899932 0.08930356806582003 0.031062110631589854
9 0.07959665849344871 0.793728171587099 0.017472437230269214 0.36983325470736544
9 0.9862220125529751 0.7966402444588104 0.017472437230269214 0.36983325470736544
9 0.33974183503301314 0.8349825372696796 0.015531055315794908 0.06600698509212823
9 0.3994393289030998 0.8082885359456562 0.13104327922701936 0.01261898244408327
9 0.11502687843260585 0.9369050877795836 0.05727076647699359 0.009706909572371856
9 0.13977949784215396 0.9568042524029454 0.009706909572371808 0.04173971116119888
9 0.048534547861859005 0.9568042524029454 0.009706909572371808 0.04173971116119888
9 0.060668184827323716 0.9359343968223456 0.0300914196743525 0.009706909572371856
9 0.43292816692778247 0.9568042524029454 0.009706909572371808 0.04173971116119888
9 0.495052388190962 0.9568042524029454 0.009706909572371808 0.04173971116119888
9 0.4431204219787728 0.9369050877795828 0.0300914196743525 0.009706909572371856
9 0.4838894421827343 0.9359343968223456 0.0300914196743525 0.009706909572371856
9 0.33974183503301303 0.9490387247450474 0.013589673401320551 0.053388002648045225
9 0.13104327922701933 0.9825275627697309 0.26208655845403867 0.0213552010592181
9 0.46981442330279544 0.9834982537269675 0.27567623185535894 0.0213552010592181
9 0.8368297621613017 0.9825275627697309 0.3263404756773965 0.021355201059218093
9 0.9260391732042699 0.9548628704884708 0.009706909572371808 0.04173971116119888
9 0.9512771380924369 0.9359343968223457 0.0601828393487051 0.00970690957237186
