2 0.518358999999997 0.4989577637918138 0.018384344133810855 0.0794777606839898
9 0.356641 0.4097660000000001 0.011718799999999998 0.06015619999999999
2 0.3092969417249088 0.5610948251747282 0.08005113861708395 0.013956671717441667
9 0.5195309999999999 0.012109399999999998 0.0140625 0.024218699999999992
9 0.9681241165501714 0.21897609680264035 0.04031326689963996 0.4379521936052773
9 0.5195827055167235 0.4066822729657285 0.014374233100358881 0.11257115336961335
9 0.38309646309288775 0.2364841165501765 0.2699605648775388 0.009009344133811364
9 0.5195309999999999 0.10351600000000001 0.0140625 0.030468799999999997
9 0.6949220000000002 0.550781 0.0164062 0.16875000000000004
2 0.1985931165501783 0.10187494172490995 0.07999923310035834 0.015311349650537267
2 0.696094 0.6728340728717117 0.018750000000000003 0.08870715425657705
9 0.24494735275836302 0.22421899999999964 0.01343711655017919 0.07812499999999989
2 0.3570309999999994 0.4723177055167253 0.014270322066905412 0.07901021103345306
2 0.5190882944832693 0.3062763527583617 0.01682194413381036 0.09432176068399035
2 0.6964840000000002 0.9511720000000001 0.0179687 0.07734369999999999
2 0.24484394172491022 0.3058589999999997 0.016562116550178845 0.0960937999999999
2 0.5191663527583608 0.05658869448327346 0.014999616550179173 0.07025867723416918
9 0.7214839999999999 0.8312499999999997 0.04921880000000001 0.012500000000000004
2 0.5191663527583605 0.15380258896654656 0.01510352758363265 0.07697814413381063
2 0.520312 0.6894529999999999 0.0203125 0.0945313
9 0.6953119999999998 0.7785160000000001 0.0140625 0.132031
9 0.10312499999999979 0.4644276472416363 0.018749999999999954 0.036978527583631966
9 0.23281199999999955 0.8695832055167257 0.034374999999999926 0.26083358896654785
9 0.4336991196580009 0.5881234662007127 0.16583523931600982 0.007496932401435765
9 0.19604129448327356 0.46679699999999985 0.10635441103345268 0.030468799999999973
9 0.3011986215920024 0.08642139626792321 0.12252147318996705 0.008022239316009755
9 0.24431365189666004 0.09334969385902238 0.010210122765830559 0.01750306759856643
9 0.3573542968040702 0.04558090520460085 0.010210122765830587 0.0911618104092017
9 0.3726694809528157 0.05105061382915286 0.008751533799283387 0.10210122765830572
9 0.4437731405413018 0.10428911110812658 0.14804167504316143 0.013127300698924992
9 0.3816378741263405 0.25179930069892237 0.2699605648775388 0.009009344133811364
9 0.5199869665740855 0.22753987878136708 0.013127300698925325 0.07292944832736106
9 0.2454075936215708 0.36792906681153786 0.013856595182198646 0.03427684071385967
9 0.24504294637993346 0.4186150333990531 0.014585889665472349 0.07147085936081247
9 0.38433819268519254 0.3839735454435527 0.2683803698446907 0.01239800621565129
9 0.4390352789307142 0.3974654933841165 0.15606901942055448 0.008751533799283345
9 0.30448044676673236 0.10392446386648911 0.13491947940561716 0.010939417249104131
2 0.24557323620818305 0.15124856954599317 0.015103527583631671 0.07859073240143336
9 0.23519747085573525 0.5513466293548455 0.03135966278076446 0.19836809945042358
9 0.12799118181451877 0.4517979323880018 0.04156978554659625 0.04011119658004923
9 0.43369911965800084 0.6048972393160057 0.16583523931600982 0.007496932401435765
9 0.356989649562433 0.534345472429797 0.013856595182198663 0.05323849727897282
9 0.26072277777031644 0.5606000738276458 0.026983895881124438 0.013856595182198568
9 0.3569896495624303 0.582843555567491 0.012398006215651314 0.05105061382915533
9 0.5192576720908121 0.5934183255749597 0.014585889665472206 0.11449923387395618
9 0.7002599673745307 0.23775000154719753 0.02187883449820812 0.47550000309439505
6 0.7669904125940782 0.13857105688336904 0.11595782284050489 0.25232568108990366
6 0.893158358200413 0.13808571140475065 0.11595782284050489 0.2532963720471412
9 0.9577749433601825 0.46126651873336505 0.022325892016455375 0.058241457434230835
9 0.8296437370048748 0.4729148102202113 0.2455848121810067 0.00970690957237179
11 0.957289597881564 0.5583356144570832 0.031062110631589812 0.14948640741452585
11 0.9563189069243268 0.7248091136232595 0.027179346802641065 0.15045709837176288
9 0.958260288838801 0.8971067585328599 0.023296582973692324 0.20578648293427984
9 0.9582602888388007 0.640359000343625 0.02329658297369234 0.02815003775987761
9 0.741310859896291 0.8670153388585063 0.014560364358557638 0.0795966584934485
9 0.8257609731759268 0.9068136681052325 0.25529172175337733 0.013589673401320604
9 0.7879040258436764 0.8898265763535802 0.08639149519410944 0.008736218615134527
9 0.6952030394275251 0.907784359062468 0.013589673401320454 0.027179346802641197
2 0.6961737303847626 0.8704127572088366 0.017472437230269207 0.05921214839146794
2 0.872354139123311 0.9490387247450484 0.014560364358557646 0.06697767604936543
9 0.6961737303847632 0.9941758542565782 0.015531055315794845 0.011648291486843982
9 0.8728394846019298 0.9883517085131553 0.01553105531579484 0.02329658297368934
9 0.8272170096117825 0.8951653766183862 0.011648291486846131 0.019413819144740618
3 0.7291772229308269 0.7927574806298623 0.050475929776333375 0.04368109307567296
5 0.7680048612203142 0.8670153388585065 0.03688625637501293 0.031062110631589812
10 0.39331815172676243 0.5622183782860318 0.029120728717115442 0.04853454786185896
5 0.43845528123829136 0.42098284400802205 0.06309491222041666 0.039798329246724336
3 0.3277965121132527 0.3549758589158938 0.03979832924672441 0.04756385690462183
3 0.4379699357596728 0.36905087779583295 0.0737725127500257 0.027179346802641065
3 0.27246712755073355 0.412731970871506 0.041739711161198755 0.044651784032910244
8 0.7359720596314872 0.7451936237252401 0.0718311308355512 0.04562247499014746
5 0.18491662735368283 0.6296813998140159 0.041739711161198734 0.04173971116119872
5 0.18782870022539438 0.5471726684488555 0.03591556541777567 0.04368109307567309
9 0.20918390128461228 0.5656157966363622 0.00679483670066027 0.16987091751650688
9 0.21597873798527265 0.6476391825229036 0.020384510101980766 0.009706909572371716
9 0.5195079761675959 0.7451936237252406 0.015531055315794906 0.018443128187506805
9 0.4661199735195512 0.8738101755591665 0.009706909572371537 0.2523796488816663
9 0.4879605200573874 0.751017769468664 0.05532938456251909 0.008736218615134517
5 0.35303447700141943 0.2082132103273752 0.05532938456251929 0.04562247499014746
5 0.412466001549223 0.2082132103273752 0.05532938456251929 0.04562247499014746
5 0.0640656031776539 0.17569506325992965 0.03882763828948722 0.040769020203961566
9 0.0820233858865417 0.1509424438503815 0.1640467717730834 0.010677600529608968
9 0.158707971508279 0.1276458608766892 0.010677600529608993 0.05532938456251929
9 0.1557958986365674 0.1028932414671411 0.020384510101980783 0.013589673401320532
9 0.14123553427800947 0.06940440344245839 0.01844312818750641 0.13880880688491679
9 0.0747432037072629 0.13104327922701914 0.1494864074145258 0.01553105531579486
