11 0.669250645994831 0.5562015503875949 0.07281041434039044 0.04005167958656317
11 0.5200258397932817 0.7325581395348837 0.040051679586563305 0.06976744186046512
11 0.8820642933268368 0.5587855297157595 0.07466509918528391 0.04263565891472844
2 0.8791989664082679 0.9373070526552815 0.07881136950904379 0.02202672156281976
2 0.95671834625323 0.8559431524547806 0.021963824289405676 0.0736434108527132
9 0.5693516076269293 0.5573182486529121 0.1378366573387159 0.035006135197133185
9 0.5168424048312208 0.6222254576642644 0.03135966278076482 0.1589861973536487
9 0.5584121903778267 0.8916997692338683 0.06199003107825721 0.012398006215651429
9 0.5835728500507659 0.9092028368324344 0.008751533799283319 0.04156978554659556
7 0.5525778345116378 0.8457542167876307 0.04156978554659593 0.0474041414127849
1 0.9755686348103338 0.9084735423491614 0.03427684071385989 0.04448696347969049
5 0.7173983877314746 0.9566069782452199 0.04594555244623763 0.02990107381421823
5 0.6193082797311734 0.9066503061409772 0.04667484692951125 0.039381902096775265
4 0.7086468539321912 0.9055563644160669 0.05323849727897367 0.05469708624552108
0 0.6473861173372049 0.9704635734274172 0.05615567521206806 0.059072853145165895
0 0.9795797544683374 0.7793884188097284 0.040840491063325046 0.05615567521206816
9 0.775377299151725 0.556953601411276 0.1546104304540094 0.0342768407138596
9 0.956606978245219 0.5576828958945521 0.08678604350956148 0.032818251747312545
9 0.5164777575895863 0.8410138026463468 0.030630368297491314 0.17648926495221573
9 0.4435483092622326 0.9299877296057332 0.15898619735364783 0.03063036829749179
9 0.37973504197579055 0.9577009199701273 0.03135966278076513 0.08459816005973606
9 0.6860387249507083 0.9361867327135558 0.3274532229898505 0.019690951048387407
9 0.6182143380062609 0.9664524537694118 0.010939417249104333 0.059802147628439
9 0.8143945540068626 0.9682756899775959 0.021149540014934666 0.06344862004480357
9 0.7863167164008315 0.9682756899775977 0.049592024862605714 0.012398006215651429
9 0.7673550598357132 0.9551483892786697 0.013127300698925072 0.035735429680406855
9 0.9573362727284915 0.9376453216801012 0.08532745454301124 0.022608128981482994
9 0.9551483892786693 0.9066503061409754 0.010939417249104489 0.04813343589605613
9 0.954783742037036 0.7881399526090153 0.01458588966547226 0.08824463247610728
9 0.9730161041188764 0.7498519922371503 0.053967791762247516 0.010210122765830599
