6 0.476172 0.817187 0.116406 0.10625
9 0.5727784024361281 0.7572831165584313 0.1518232016218932 0.01612893311686156
6 0.3742190000000001 0.921875 0.10625 0.115625
9 0.40664100000000003 0.75625 0.174219 0.017187500000000005
6 0.5863279999999998 0.9183590000000001 0.12109400000000001 0.11328099999999999
8 0.760547 0.296484 0.0898438 0.0445312
11 0.31249999999999994 0.9031249999999998 0.0265625 0.179688
3 0.9339839999999998 0.8148439999999999 0.0429688 0.037500000000000006
9 0.6578119999999998 0.566797 0.05 0.010156199999999999
2 0.647266 0.7144530000000002 0.0164062 0.06953119999999999
3 0.988281 0.922266 0.0234375 0.0382813
9 0.8153948774426829 0.452734 0.09485175488536343 0.011718800000000014
3 0.9863279999999999 0.8152340000000001 0.02734380000000001 0.0398437
8 0.5007809999999999 0.5096960582792163 0.04374999999999999 0.11359604902587844
9 0.6328119999999999 0.4679690000000001 0.0109375 0.028125
11 0.30585899999999994 0.5992190000000001 0.0398437 0.07968749999999998
2 0.8910159999999999 0.45117200000000013 0.06328130000000001 0.0195312
9 0.8097659999999999 0.29023400000000005 0.013281300000000001 0.19453100000000004
3 0.8371090000000001 0.325391 0.0367187 0.0335938
9 0.5980469999999997 0.4139938783038775 0.0351562 0.07669904339224452
9 0.6616436754664053 0.452734 0.10171314906718978 0.010156199999999995
11 0.6003909999999989 0.3413301463839794 0.041406299999999924 0.07950156508836694
9 0.7925780000000003 0.5945310000000001 0.0148437 0.05625
2 0.736328 0.5664059999999999 0.09921869999999998 0.0140625
9 0.817187 0.41718799999999995 0.021875 0.065625
2 0.632812 0.5105469999999999 0.017187500000000005 0.0664062
9 0.564453 0.6722660000000004 0.141406 0.0148437
9 0.980078 0.177344 0.0382813 0.028125
9 0.791797 0.703906 0.0164062 0.05625
9 0.49726600000000004 0.709375 0.0164062 0.08906249999999999
9 0.632811999999999 0.6078471473142703 0.01093749999999999 0.1346840735534296
3 0.542188 0.48046900000000003 0.0421875 0.04375
2 0.791406 0.647656 0.018750000000000003 0.0671875
9 0.958594 0.453125 0.07968749999999998 0.0109375
2 0.740625 0.4519529999999999 0.065625 0.021093799999999992
9 0.892187 0.5699220000000002 0.215625 0.0148437
11 0.7142234391519385 0.1793815855359184 0.0809276216961221 0.042799328928162926
9 0.8925779999999999 0.727344 0.21484399999999998 0.015625
9 0.305469 0.7226560000000001 0.03593749999999999 0.18125000000000002
5 0.6156249999999999 0.5988279999999999 0.0265625 0.0351562
3 0.875781 0.814453 0.0421875 0.0367187
3 0.3625 0.6718749999999999 0.0328125 0.03593749999999999
3 0.7417970000000003 0.335547 0.0351562 0.0382813
3 0.8371090000000001 0.289844 0.0367187 0.03437500000000001
9 0.5992189999999998 0.23632799999999998 0.0390625 0.144531
11 0.9277427319198971 0.17969573191989785 0.08045223616020301 0.04060853616020373
11 0.42019876688313834 0.439844 0.07991416623372391 0.045312500000000006
3 0.7769529999999999 0.335156 0.0335938 0.0390625
3 0.5421879999999999 0.5214839999999998 0.037500000000000006 0.0351562
9 0.5360303174558164 0.4386719999999987 0.15956063491163322 0.03671869999999991
9 0.6304689999999996 0.17992529276795918 0.09999999999999996 0.03702471446408145
9 0.336328 0.438281 0.09765619999999998 0.037500000000000006
3 0.6902339999999999 0.288281 0.0335938 0.0328125
5 0.791406 0.40625 0.028125 0.03593749999999999
9 0.8199219999999999 0.18046900000000002 0.14609400000000003 0.03437500000000001
9 0.30468800000000007 0.49375 0.037500000000000006 0.145313
3 0.460156 0.509766 0.037500000000000006 0.0414063
3 0.755078 0.254687 0.0429688 0.0390625
3 0.8642824569803861 0.7620196438305604 0.03942784967529265 0.0422380006494145
3 0.5883521598978195 0.6536638842492271 0.05059358928630151 0.028516386688642745
3 0.5395983374946561 0.6536638842492271 0.05059358928630151 0.028516386688642745
3 0.6282768039353204 0.4241529655777319 0.027644881790206376 0.05277659250857587
5 0.8400994905543742 0.41661345236222114 0.025760003486328537 0.036440980541635706
3 0.9345619683394844 0.9228942927679562 0.035375062591226955 0.03828129999999987
