11 0.08250873136516032 0.47709460548207405 0.06600698509212827 0.03591556541777567
11 0.2761615773339778 0.48000667835378563 0.13686742497044244 0.03785694733225005
11 0.5528085001465741 0.47903598739654846 0.13492604305596806 0.03203280158882693
11 0.7551975647305262 0.4770946054820741 0.07571389466449994 0.0339741835033013
11 0.956615938357241 0.4795213328751672 0.07668458562173727 0.03494487446053849
2 0.5765904285988852 0.05824145743423081 0.015531055315794908 0.07183113083555134
2 0.840618368967398 0.027664692281259638 0.021355201059217968 0.055329384562519277
2 0.038342292810868615 0.23102444782244888 0.07086043987831415 0.015531055315794908
5 0.21792011989974697 0.11502687843260585 0.039798329246724384 0.039798329246724384
5 0.49068427888339466 0.14705968002143283 0.0339741835033013 0.0397983292467244
5 0.5265998443011702 0.1033785869457597 0.04562247499014753 0.032032801588826966
5 0.16598815368755784 0.06552163961350967 0.044651784032910286 0.032032801588826945
4 0.2698520861119361 0.05581473004113788 0.04659316594738465 0.051446620733570564
4 0.4494299132008144 0.2596598310609457 0.050475929776333396 0.04562247499014746
10 0.22034684729283993 0.030576765152971187 0.044651784032910286 0.030091419674352596
7 0.8707097886417506 0.27470554089812205 0.04076902020396153 0.04465178403291031
7 0.44797387676495865 0.2077278648487566 0.04368109307567309 0.04659316594738465
7 0.3047969605724747 0.11551222391122444 0.04659316594738469 0.040769020203961566
4 0.15676658959380463 0.11842429678293598 0.04562247499014748 0.050475929776333375
0 0.45234198607252585 0.06260956674179811 0.05630007551975644 0.11745360582569879
0 0.10531996886023406 0.041254365682580146 0.055329384562519256 0.08250873136516029
5 0.8697390976845135 0.16647349916617643 0.036886256375012784 0.04756385690462183
9 0.1611346989013719 0.48000667835378535 0.10483462338161555 0.03009141967435255
9 0.4135143477830388 0.4800066783537856 0.1591933169868976 0.030091419674352568
9 0.6663793421433243 0.4800066783537851 0.11162946008227578 0.030091419674352568
9 0.8556640788045748 0.4800066783537853 0.13492604305596803 0.03009141967435258
9 0.028150037759878274 0.4790359873965484 0.056300075519756534 0.030091419674352565
9 0.4198238390050784 0.2363632480872533 0.01650174627303204 0.4727264961745066
9 0.40623416560375797 0.23684859356587185 0.016501746273032036 0.4736971871317437
9 0.1572519350724232 0.24898223053133672 0.03106211063158977 0.04756385690462183
9 0.16647349916617654 0.37323067305769597 0.010677600529608972 0.20287441006257076
9 0.10823204173194557 0.23150979330106722 0.07668458562173716 0.012618982444083389
9 0.8411037144460161 0.2606305220181828 0.01844312818750639 0.4241919483126476
9 0.9237066028340294 0.08542080423687183 0.15258679433194125 0.021355201059217975
9 0.3703186001859844 0.13152862470563795 0.06309491222041674 0.010677600529608993
9 0.34459528981919896 0.11260015103951292 0.011648291486846159 0.044651784032910265
9 0.3712892911432216 0.042225056639817356 0.06309491222041674 0.010677600529608993
9 0.3455659807764362 0.05921214839146799 0.011648291486846159 0.044651784032910265
9 0.9017718992733406 0.11260015103951297 0.013589673401320607 0.04659316594738469
9 0.8765339343851738 0.13152862470563798 0.06018283934870567 0.012618982444083325
9 0.5028179158488594 0.1218217151332661 0.16113469890137197 0.010677600529608972
9 0.576590428598885 0.107746696253327 0.013589673401320534 0.03688625637501283
9 0.5765904285988848 0.014560364358557698 0.013589673401320534 0.029120728717115393
9 0.4649609685166092 0.15433986220071172 0.009706909572371789 0.05824145743423084
9 0.4465178403291029 0.17860713613164125 0.04465178403291011 0.011648291486846162
9 0.19947699171224037 0.08639149519410909 0.39895398342448074 0.019413819144743622
9 0.22034684729283993 0.05532938456251926 0.04465178403291031 0.009706909572371792
9 0.2019037191053333 0.06746302152798397 0.009706909572371787 0.03203280158882683
9 0.2441287757451508 0.041739711161198734 0.01067760052960897 0.08347942232239747
9 0.06940440344245839 0.04125436568258019 0.01844312818750642 0.08056734945068601
