9 0.7813148041812767 0.4987017931827428 0.4373703916374453 0.02487688735503991
7 0.9621845928067998 0.5201843707442787 0.026079591167724882 0.022602312345362283
5 0.9095907506185541 0.5512625502191504 0.022602312345361416 0.03433812837083764
4 0.9100254104713495 0.5851660187371927 0.026948910873315652 0.02651425102052014
9 0.8954643054027032 0.5519145399983438 0.007389217497521923 0.09301720849821898
9 0.8832938295244324 0.5362667852977088 0.026514251020520307 0.005215918233544996
9 0.872210003278149 0.5217056802290638 0.006954557644726535 0.03259948895965514
10 0.8782952412172855 0.5634330260974248 0.02781823057890744 0.016951734259021092
0 0.7985351582293265 0.5493065808815727 0.03173016925406509 0.08693197055908092
5 0.8354812457169369 0.5156204422899269 0.027383570726111056 0.018690373670203694
1 0.7650663495640809 0.518663061259495 0.02564493131492942 0.02651425102052112
9 0.780062114485522 0.5514798801455494 0.006085237939135777 0.09214788879262971
9 0.7983178283029295 0.5953805252778848 0.039988706457180306 0.006085237939135631
9 0.8746006324685234 0.5953805252778848 0.04824724366029092 0.006085237939135671
2 0.8343945960849475 0.5951631953514871 0.03825006704599629 0.007389217497522055
2 0.7598504313305344 0.5949458654250895 0.03868472689879182 0.00782387735031744
9 0.701171351203156 0.5512625502191509 0.006519897791931255 0.09432118805660547
9 0.7098645482590625 0.5171417517747108 0.01608241455342971 0.0052159182335449385
9 0.7152977964190046 0.5104045240563814 0.0043465985279542325 0.013474455436657762
3 0.716384446050993 0.5558264786735022 0.02651425102052027 0.07563081438640189
9 0.7200790547997551 0.5955978552042827 0.04346598527954013 0.00651989779193122
9 0.7389867583963625 0.6336305923238826 0.00651989779193116 0.07476149468080986
9 0.7385520985435663 0.7555526810329957 0.006519897791931267 0.09866778658455651
9 0.6663985629795252 0.7186065935453866 0.14126445215850408 0.011735816025476055
9 0.587507799697153 0.5186630612594949 0.01912503352299811 0.03520744807642928
3 0.6479255192357154 0.5169244218483146 0.10344904496530807 0.028252890431701826
8 0.6085888025577305 0.5708222435949443 0.026514251020520255 0.08041207276715186
3 0.6340164039462621 0.570387583742151 0.0252102714621339 0.02738357072611108
11 0.5864211500651644 0.5725608830061255 0.02216765249256609 0.0786734333559698
9 0.587073139844358 0.6199388069608256 0.019125033522998113 0.022167652492566164
11 0.5868558099179598 0.6679687206947187 0.02129833278697539 0.07997741291435606
9 0.5870731398443587 0.7359929876572013 0.019125033522998245 0.06215635894974502
11 0.5868558099179599 0.8029306049876945 0.021298332786975266 0.07780411365037901
3 0.6344510637990576 0.7627245686041203 0.025210271462133997 0.028687550284497387
8 0.6083714726313328 0.763376558383312 0.02694891087331565 0.08041207276715177
3 0.6942167935584268 0.7431648752283259 0.08215071217833307 0.03911938675158827
3 0.6581400257764075 0.6718806593698774 0.06911091659447068 0.08606265085349171
2 0.7383347686171614 0.6879630739233076 0.009562516761499107 0.039988706457178086
9 0.7383347686171614 0.8565622485775138 0.006085237939135771 0.03738074734040567
9 0.5872904697707554 0.8617781668110621 0.019559693375793583 0.044335304985129546
9 0.665746573200328 0.8865537784204038 0.1434377514224881 0.012170475878271768
9 0.7342055000156051 0.8826418397452386 0.0126051357310668 0.01999435322858898
9 0.7783234750743401 0.8787299010700833 0.09823312673176368 0.011301156172680729
9 0.8224414501330741 0.8628648164430487 0.012605135731067354 0.04216200572115362
9 0.8224414501330769 0.7272509423708822 0.01173581602547598 0.1543042477423786
2 0.7379001087643657 0.8204854807954944 0.01043183646709 0.04259666557395053
2 0.8224414501330739 0.8235280997650624 0.016082414553430267 0.044335304985132315
3 0.7794101247063278 0.8606915171790709 0.07606547423919711 0.026514251020520307
3 0.6629212841571571 0.8682980646029896 0.13344057480819171 0.026948910873315652
9 0.9082867710601684 0.6561840564388305 0.18342645787966333 0.012170475878271575
3 0.9930454423552736 0.5972876463850505 0.013909115289452814 0.027383570726111063
3 0.9932627722816715 0.6303217951975021 0.013474455436657007 0.02738357072611107
9 0.9065481316489862 0.7189924051677653 0.03303414881245155 0.01173581602547616
9 0.916979968116076 0.7515918941274217 0.006085237939135835 0.056940440716198755
9 0.8880750879051813 0.7809314341911119 0.030860849548474373 0.012170475878271542
9 0.8982895944458772 0.887857757978785 0.012170475878271591 0.22428448404242993
9 0.9106774002505438 0.7776714852951492 0.016082414553429642 0.005650578086340331
9 0.9789189971394228 0.7185577453149709 0.04216200572115429 0.012605135731066919
2 0.9406689300934261 0.717905755535777 0.03955404660438258 0.014778434995043981
10 0.9674005110403446 0.748331945231456 0.029556869990088094 0.015647754700634856
9 0.984569575225763 0.8020124370516928 0.005650578086340365 0.1612588053870978
9 0.9515354264133116 0.8863364484939996 0.09692914717337692 0.012605135731066924
5 0.9732684190530823 0.8117922837395862 0.01782105396461206 0.026948910873315652
5 0.9943494219136599 0.8446091026256423 0.011301156172680151 0.03694608748761055
1 0.9143720089993036 0.7931019100693836 0.020863672934179754 0.026079591167724753
0 0.9465368381061643 0.8652554456334219 0.07128421585844785 0.032164829106860526
9 0.9926107825024785 0.7678916386072501 0.014778434995043253 0.005215918233544871
9 0.9982613605888184 0.7470279656730727 0.003477278822362883 0.04694326410190283
2 0.8526503099023551 0.7800621144855211 0.04520462469072297 0.013909115289453083
9 0.7450719963354919 0.9417555797254162 0.010866496319885392 0.1164888405491677
9 0.7846260429398743 0.8898137273163707 0.08823595011746807 0.01086649631988541
9 0.8239627596178597 0.9421902395782124 0.010431836467089917 0.11561952084357544
9 0.5249167808946145 0.883076499598038 0.14082979230571216 0.01825571381740733
9 0.4636297416504627 0.8891617375371719 0.01912503352299827 0.029556869990090516
9 0.4634124117240642 0.9643578920707782 0.01869037367020273 0.0712842158584438
11 0.46341241172406256 0.9165453082632807 0.021298332786975266 0.02868755028449732
6 0.607936812778538 0.9200225870856442 0.10518768437648988 0.05737510056899477
6 0.60880613248413 0.973920408832275 0.10518768437648988 0.05215918233544995
5 0.9124160396617244 0.9587073139844356 0.016951734259021033 0.026079591167724753
0 0.9637059022915835 0.906982791501783 0.07258819541683274 0.03216482910686132
10 0.9860908847105467 0.9395822804614395 0.02781823057890624 0.01651707440622565
4 0.9867428744897397 0.9750070584642654 0.026514251020520022 0.026514251020519387
9 0.9773976876546386 0.9919587927232862 0.04520462469072298 0.006519897791931383
9 0.9115467199561335 0.9913068029440919 0.017821053964611932 0.006085237939135771
2 0.937843641050256 0.9917414627968875 0.03911938675158718 0.008693197055908286
3 0.9008975535626459 0.7496359247898422 0.026948910873315652 0.05128986262985874
