9 0.146253719656662 0.5956716641026008 0.1956324393133239 0.01009332820519689
2 0.11679699999999997 0.15659855213679807 0.014759804273596076 0.0647598042735961
9 0.25848703643585574 0.7678025452138141 0.039654309042762854 0.1824810904276279
9 0.014843724999999997 0.7348498957264042 0.029687449999999994 0.00998840854719284
9 0.03743702820519705 0.6088817376073783 0.03281249999999999 0.03646179829002645
9 0.13567644461314712 0.4359369999999994 0.22149434752340968 0.009291104273596078
9 0.2584391632993388 0.23554680000000025 0.03780837340132038 0.4710936000000005
9 0.2588301632993397 0.9632810000000007 0.03702717340132064 0.07343750000000002
11 0.2552917217533784 0.6447271096511923 0.044651784032910286 0.08153804040792306
9 0.2583185694102193 0.5736643537663793 0.03804986117956099 0.06988093938811678
11 0.2591744855823271 0.8941946856611475 0.044651784032910286 0.08153804040792306
5 0.04707851142600325 0.828673046047638 0.030091419674352596 0.03397418350330137
5 0.04756385690462183 0.7568419152120864 0.033003492546064134 0.03397418350330137
9 0.02406671794802926 0.9466521085485351 0.012835582905615605 0.0986735435869199
9 0.018050038461021947 0.8203018393213821 0.024868941879630242 0.16525812990980193
9 0.024467829913829744 0.7136060564184529 0.013637806837216574 0.04813343589605743
2 0.025270053845430726 0.6598570530011866 0.018451150426822435 0.0625734666648761
9 0.013236694871416092 0.6197458564211378 0.021660046153226333 0.01283558290561558
8 0.15282365896998582 0.645015910266569 0.045726764101255604 0.084233512818103
3 0.11191023845833606 0.631378103429352 0.036100076922043894 0.040913420511649756
3 0.19173151965263308 0.6542414854799798 0.040111196580048754 0.04492454016965457
3 0.16967036153360626 0.8034551367577614 0.0344956290588419 0.03529785299044295
3 0.05013899572506096 0.9735266102571678 0.03930897264844779 0.036902300853644814
11 0.2593028414113833 0.5035356976894206 0.044651784032910286 0.08153804040792306
3 0.1692692495678059 0.4532843906139356 0.05134233162246247 0.024868941879630655
3 0.12554804529555272 0.4605044059983441 0.03610007692204398 0.036100076922043846
3 0.08623907264710497 0.5471445906112499 0.03770452478524595 0.042517868374851296
3 0.20657266238725122 0.5463423666796487 0.03610007692204398 0.04091342051164951
8 0.146405867517178 0.5495512624060523 0.08744240854450629 0.08904685640770828
9 0.024868941879630232 0.5503534863376534 0.012835582905615603 0.0906513042709102
2 0.024066717948029264 0.4757466606987627 0.014440030768817553 0.0665845863228809
9 0.024467829913829717 0.43695813291766294 0.010428911110812676 0.025432500008135905
2 0.02527005384543072 0.3967276034360666 0.013637806837216578 0.06578236239127999
2 0.11191023845833603 0.3963264914702661 0.01363780683721657 0.06016679487007317
5 0.07019459401508535 0.30246629147295184 0.03289118119563998 0.02968228546923608
9 0.13798251623536778 0.27599290173011976 0.22301825298507116 0.0264733897428322
9 0.024868941879630197 0.2768243323693971 0.012835582905615595 0.1805587980255708
5 0.07220015384408779 0.24951951198728758 0.032088957264039014 0.03128673333243802
10 0.15202143503838486 0.24510728036348214 0.02326449401642829 0.035297852990442864
10 0.210583782045256 0.2463106162608836 0.02486894187963027 0.036100076922043936
9 0.11752580597954294 0.22705724190246038 0.01203335897401464 0.07942016922849661
2 0.023665605982228777 0.15766487181897587 0.016846702563620485 0.06578236239127999
10 0.14359808375657457 0.3052740752335555 0.024066717948029264 0.03529785299044299
3 0.21820490939546539 0.4524821666823346 0.05134233162246247 0.024868941879630655
9 0.13316917264576192 0.07942016922849658 0.229436044437879 0.08503573674970344
9 0.028478949571834625 0.020456710255824868 0.020055598290024377 0.040913420511649735
9 0.43540051679586583 0.7816537467700263 0.3307493540051681 0.038759689922480633
9 0.5826873385012923 0.43023255813953476 0.03875968992248065 0.7338501291989662
9 0.4347545219638239 0.08074935400516779 0.33462532299741565 0.04005167958656324
9 0.11194670318249855 0.32772676676463747 0.010939417249104098 0.08313957109319307
