9 0.23007799999999995 0.403516 0.0164062 0.010156199999999999
2 0.31875 0.830078 0.012500000000000002 0.0585938
9 0.990233999999997 0.7704731345694892 0.01328129999999997 0.4434277308610192
3 0.014453099999999998 0.3507809999999999 0.027343799999999998 0.037500000000000006
5 0.755897644238416 0.3163221539073466 0.03054528847683664 0.04235639218530557
8 0.6699220000000001 0.708203 0.0773437 0.0523437
2 0.8738280000000002 0.665625 0.0148437 0.0625
3 0.006250000000000001 0.273047 0.012500000000000002 0.0351562
9 0.5058590000000001 0.989453 0.00859375 0.021093799999999992
5 0.346484 0.269531 0.0320312 0.021874999999999995
9 0.3140629999999999 0.269922 0.010937499999999998 0.0445312
5 0.432031 0.837891 0.03125 0.027343799999999998
9 0.8003910000000002 0.555859 0.169531 0.0117188
9 0.413672 0.9878909999999997 0.010156199999999999 0.021093799999999992
8 0.640625 0.393359 0.046875 0.0835937
9 0.45154142390945523 0.9753909999999922 0.11245784781891391 0.010156199999999917
9 0.5394529999999998 0.7749999999999999 0.0414063 0.009375000000000001
9 0.47656200000000004 0.821875 0.16562500000000002 0.0078125
9 0.875 0.595703 0.012500000000000002 0.0851562
9 0.6597660000000001 0.9867190000000001 0.010156199999999999 0.021874999999999995
9 0.46796900000000013 0.236719 0.012500000000000002 0.1125
2 0.012109399999999998 0.43906300000000004 0.024218699999999992 0.021874999999999995
9 0.5813012311642151 0.9757809999999906 0.15145933767156153 0.009374999999999937
9 0.46875 0.314453 0.010937499999999998 0.0460938
5 0.43476599999999993 0.311328 0.027343799999999998 0.021093799999999992
9 0.7125000000000001 0.666406 0.012500000000000002 0.228125
9 0.8753909999999979 0.9582029499999979 0.01171879999999996 0.08359410000000322
5 0.47539099999999995 0.8375000000000001 0.0335938 0.028125
9 0.8742189999999997 0.7351559999999999 0.012500000000000002 0.0859375
9 0.504297 0.422266 0.0117188 0.0460938
5 0.48554700000000006 0.29101600000000005 0.022656300000000008 0.030468799999999997
5 0.296094 0.291406 0.025000000000000005 0.0328125
9 0.280859 0.860156 0.0804688 0.009375000000000001
9 0.31210899999999997 0.975391 0.16171899999999997 0.0117188
9 0.8620713557615812 0.3074219999999999 0.013357788476836566 0.2632809999999999
9 0.314453 0.337891 0.013281300000000001 0.12109400000000001
2 0.313672 0.22070300000000004 0.0148437 0.0648438
2 0.8046880000000001 0.4390629999999999 0.0640625 0.018750000000000003
9 0.4016407834770279 0.40461071152315503 0.21617708667702384 0.011090576953672392
9 0.391406 0.9632809999999999 0.012500000000000002 0.0234375
9 0.8757810000000003 0.8195309999999999 0.010937499999999998 0.08124999999999999
9 0.12763733813733152 0.4405100672847425 0.21035032372533327 0.009604665430509888
9 0.22656199999999999 0.422266 0.009375000000000001 0.0445312
5 0.5210939999999998 0.8378910000000002 0.0296875 0.0257812
9 0.560156 0.9632809999999999 0.012500000000000002 0.0234375
9 0.6368801345694896 0.7761719999999989 0.15500926913897983 0.013281299999999961
9 0.391406 0.847656 0.012500000000000002 0.0984375
9 0.7300403557615814 0.30820299999999995 0.019607788476836484 0.25859399999999994
2 0.970311999999999 0.43890942304632624 0.059374999999999914 0.01905615390734667
2 0.5597660000000001 0.9230469999999998 0.0148437 0.0648438
5 0.561328 0.63125 0.0335938 0.034375
3 0.651953 0.7499999999999999 0.0320312 0.037500000000000006
9 0.8892104103880709 0.4402339999999987 0.11376767922385257 0.011718799999999944
9 0.542188 0.6656250000000001 0.009375000000000001 0.220313
9 0.5597660000000001 0.8363279999999998 0.0117188 0.116406
9 0.764844 0.9769530000000001 0.22343800000000003 0.0117188
2 0.543359 0.43867199999999995 0.0648438 0.0179687
5 0.562109 0.7312500000000002 0.0320312 0.0359375
2 0.46875 0.364453 0.015625 0.0648438
9 0.4996089999999988 0.16719555761581614 0.11484399999999961 0.03580033827795947
9 0.047579711523163246 0.3085939999999998 0.012653076953673438 0.2593749999999999
9 0.239844 0.910937 0.010937499999999998 0.13125
3 0.6898440000000001 0.7496090000000001 0.0328125 0.0382813
9 0.6737512412457316 0.4398439999999957 0.20218948249147123 0.0109374999999999
2 0.390625 0.923437 0.015625 0.0640625
3 0.19843700000000006 0.35937500000000006 0.034375 0.0328125
9 0.6839840000000003 0.5554689999999999 0.0554687 0.010937499999999998
2 0.266016 0.403906 0.0648438 0.018750000000000003
2 0.8742190000000001 0.8886720000000001 0.0171875 0.0679687
9 0.5695310000000001 0.555859 0.05625 0.0117188
5 0.7531249999999998 0.388672 0.028125 0.0335938
9 0.04414062499999988 0.1667669133773978 0.08828124999999976 0.038220626754796275
3 0.104687 0.3125 0.0359375 0.0390625
9 0.3914059999999999 0.29023400000000005 0.145313 0.022656300000000008
3 0.926172 0.22851600000000005 0.0351562 0.0414063
11 0.9632809999999999 0.16484399999999996 0.07343749999999999 0.040624999999999994
9 0.438281 0.591016 0.129688 0.013281300000000001
9 0.33554699999999793 0.16787018251637725 0.07421879999999957 0.03573956503275569
3 0.600391 0.4066409999999999 0.0382813 0.0335938
3 0.10234399999999999 0.23164099999999999 0.0421875 0.0351562
2 0.6269529999999999 0.5546880000000001 0.0664062 0.0171875
9 0.7963776249005599 0.7769529999999988 0.16193275019887574 0.013281299999999935
3 0.6890619999999998 0.665234 0.034375 0.0382813
9 0.7799171708586702 0.16523399999999852 0.3067103417173542 0.03671869999999964
3 0.653125 0.6652340000000001 0.0328125 0.0367187
3 0.926953 0.39453099999999997 0.0367187 0.0421875
3 0.600391 0.37187499999999996 0.0382813 0.0359375
11 0.590625 0.165625 0.08124999999999999 0.0421875
11 0.406641 0.16601600000000002 0.0835937 0.0429688
11 0.265625 0.16757799999999995 0.08124999999999999 0.0460938
3 0.9273440000000001 0.3109370000000001 0.037500000000000006 0.0421875
9 0.19296899999999909 0.16712682675479568 0.07499999999999965 0.035816153509592295
3 0.682031 0.384766 0.037500000000000006 0.0414063
11 0.12265600000000003 0.16601600000000002 0.08281250000000001 0.0429688
8 0.09478369986545943 0.2714887436347364 0.08667951734908186 0.04439682595928584
3 0.029950239734438854 0.22497778310596078 0.027483749403367414 0.05003451814459199
3 0.6243887581539783 0.24365263846978732 0.03241673006551039 0.03382615311183682
3 0.7554651014623454 0.22145422549014424 0.02959788397285706 0.07399470993214279
3 0.8210032731165293 0.19960816827208316 0.07469942145530617 0.03171201854234698
8 0.888303223578622 0.22814898496019545 0.04298740291295921 0.0859748058259186
8 0.888303223578622 0.3120096562166242 0.04298740291295921 0.0859748058259186
8 0.888303223578622 0.3944609044267263 0.04298740291295921 0.0859748058259186
2 0.9337571168226497 0.5551351317079486 0.1028878823818421 0.016913076555918408
0 0.27379477538025293 0.8918267811944367 0.061309902515204365 0.052853364237245126
0 0.2748518426649977 0.9432707223853533 0.059195767945714836 0.05285336423724499
10 0.2604052564401509 0.8276980325865795 0.03453086463499984 0.023255480264387805
10 0.43573588392441454 0.2650954926790947 0.023362739428126954 0.03843547454304755
10 0.3464299283685095 0.31747324720344355 0.02562364969536492 0.0346672907643169
3 0.06518957937203165 0.36457554443757073 0.026377286451111072 0.05200093614647608
3 0.06518957937203164 0.4128082968053167 0.026377286451111072 0.05200093614647608
