11 0.07781572136529462 0.5900635709519018 0.07701349743369364 0.04171564444325077
11 0.27315724871013214 0.5856513393280963 0.11632247008214142 0.036100076922043874
11 0.6052779563929357 0.5872557871912983 0.13076250085095897 0.03610007692204394
11 0.8724463948754447 0.5888602350545004 0.0625734666648761 0.03930897264844782
2 0.863220819662034 0.8199007273555811 0.06979348204928487 0.016846702563620537
2 0.9009253444472796 0.9683121547017618 0.07942016922849665 0.024868941879630294
5 0.16806591367040433 0.9647021470095574 0.06979348204928482 0.017648926495221394
7 0.37624302392085746 0.9237887264979072 0.0433200923064527 0.04332009230645254
7 0.5330778025488483 0.9386298692325253 0.04572676410125565 0.04091342051164968
5 0.5904368136583179 0.9374265333351239 0.04652898803285658 0.03850674871684682
10 0.21820490939546527 0.9871644170943844 0.046528988032856565 0.025671165811230988
10 0.5045988529770135 0.9859610811969833 0.028880061537635105 0.028077837606033603
4 0.6774781102370239 0.9382287572667255 0.04893565982765952 0.054551227348866346
9 0.16485701794400054 0.5884591230887025 0.1066957829029295 0.032088957264038966
9 0.4351010170803589 0.5884591230887064 0.21600916922700367 0.03208895726403895
9 0.756096055533921 0.5876568991571076 0.18050038461021609 0.03208895726403895
9 0.944618679460152 0.5884591230887127 0.09386019999731447 0.03208895726403895
9 0.7998451290655578 0.6875337786414215 0.012033358974014665 0.18370928033662615
9 0.8102740401763694 0.7990429051339559 0.031286733332437915 0.055353451280467335
9 0.9422398769247304 0.8199007273555812 0.09787131965532066 0.013637806837216646
9 0.972323274359768 0.7075893769314483 0.01203335897401469 0.22221602905346866
9 0.4061165331590152 0.7970373453049572 0.01659488489934362 0.40592530939008553
9 0.02206115811902682 0.5880580111229011 0.04412231623805364 0.03289118119563993
9 0.09586575982631658 0.9659054829069602 0.08262906495490037 0.018451150426822396
9 0.06939237008348437 0.9831532974363805 0.020055598290024377 0.03369340512723966
9 0.22422158888247268 0.9638999230779561 0.05374900341726534 0.012835582905615655
9 0.24347496324089607 0.9831532974363797 0.010428911110812672 0.033693405127240415
9 0.4797299110973832 0.9394320931641263 0.012835582905615655 0.047331211964457436
9 0.45445985725195276 0.9213820547031052 0.060166794870072336 0.01283558290561565
9 0.470504335883972 0.9847577452995815 0.012033358974014648 0.027275613674433173
9 0.44884428973074586 0.9955877683761959 0.04733121196445689 0.008824463247608159
9 0.6469936008361873 0.9659054829069604 0.4468387299017422 0.018451150426822393
9 0.5767990068211014 0.9847577452995823 0.01283558290561565 0.028880061537636895
9 0.4190405153959367 0.7962771110557264 0.01659488489934362 0.40592530939008553
