0 0.2855469999999999 0.48320299999999994 0.055468699999999996 0.05234369999999999
5 0.8628909999999999 0.131641 0.0414063 0.0320312
9 0.471875 0.500391 0.15625 0.010156199999999999
9 0.7527340000000001 0.229297 0.0148437 0.0164062
9 0.573828 0.223047 0.0117188 0.0351562
9 0.5113604725504565 0.20234399999999841 0.13352805489907882 0.015624999999999896
0 0.28515599999999997 0.4339839999999999 0.05625 0.047656199999999996
9 0.573828 0.153516 0.0148437 0.11171900000000001
9 0.6488280000000001 0.535547 0.022656300000000008 0.0164062
9 0.549608999999998 0.49454773627522824 0.016406199999999906 0.10159517255046024
3 0.9089839999999998 0.18320299999999995 0.022656300000000008 0.0351562
9 0.567187 0.4480469999999999 0.037500000000000006 0.010156199999999999
9 0.9009088836486961 0.1035565635978238 0.06953119999999977 0.0270310526686921
3 0.9085940000000001 0.21679700000000002 0.0234375 0.0367187
9 0.771094 0.13359400000000002 0.03593749999999999 0.0078125
9 0.5531249999999985 0.5372466441853835 0.024999999999999908 0.017693711629229905
9 0.321094 0.22929700000000003 0.017187500000000005 0.0789063
9 0.865625 0.08515619999999999 0.015625 0.028125
9 0.8255063600678296 0.10664099999999975 0.08548638209566743 0.02265629999999998
3 0.908203 0.14921900000000002 0.024218699999999992 0.037500000000000006
9 0.865625 0.00859375 0.018750000000000003 0.015625
9 0.7523439999999999 0.08398440000000003 0.0140625 0.030468800000000004
9 0.44047288237709076 0.8035159999999821 0.4281432594482656 0.027233784651692287
5 0.8128909999999999 0.126563 0.028906299999999992 0.021875
2 0.601953 0.537109 0.0757812 0.0179687
5 0.34218699999999996 0.16757800000000003 0.0234375 0.0195312
2 0.6531250000000002 0.7574219999999999 0.020312499999999997 0.0648438
9 0.753125 0.14999999999999997 0.015625 0.040624999999999994
2 0.327344 0.297656 0.015625 0.07343749999999999
9 0.7943622527534796 0.24267654363173893 0.2794982617904327 0.019333912736522234
9 0.3941410000000001 0.3707030000000001 0.0117188 0.0648438
9 0.4722659999999999 0.509375 0.15078099999999997 0.0234375
9 0.4390629999999999 0.39101600000000003 0.084375 0.010156199999999999
9 0.38018836791584737 0.19849225767415188 0.13181046416829692 0.0186399846516923
2 0.611719 0.23984399999999997 0.0625 0.017187500000000005
9 0.3941410000000001 0.486328 0.013281300000000001 0.05234369999999999
9 0.928125 0.171484 0.018750000000000003 0.157031
9 0.7523440000000001 0.009375000000000001 0.015625 0.017187500000000005
9 0.3609379999999999 0.344531 0.07187499999999998 0.0125
9 0.34374999999999967 0.18460022697753856 0.059374999999999935 0.012951153955077828
9 0.582030999999999 0.4217102269775384 0.009374999999999988 0.057482453955077936
9 0.29218800000000006 0.40429700000000013 0.07656250000000002 0.010156199999999999
2 0.751953 0.04374999999999999 0.0179687 0.06406249999999998
9 0.44648399999999994 0.150781 0.022656300000000008 0.101562
9 0.5492189999999999 0.7171880000000002 0.0140625 0.16093800000000003
9 0.6195310000000002 0.396094 0.07968749999999998 0.017187500000000005
2 0.39531200000000005 0.435156 0.017187500000000005 0.06406249999999998
9 0.5734379999999987 0.0498019018595381 0.015624999999999953 0.0964788037190762
9 0.652344 0.5871090000000001 0.018750000000000003 0.11015599999999999
9 0.5968750000000002 0.642578 0.109375 0.0148437
9 0.653125 0.32109399999999994 0.017187500000000005 0.15937499999999996
2 0.865234 0.0433594 0.0195312 0.0664062
2 0.508594 0.39023399999999997 0.06406249999999998 0.0179687
5 0.45429700000000006 0.4855469999999999 0.0335938 0.024218699999999992
9 0.4105470000000001 0.0527344 0.0179687 0.103906
2 0.753125 0.19609400000000002 0.018750000000000003 0.065625
9 0.32148399999999994 0.514063 0.14609400000000003 0.015625
5 0.509375 0.4855470000000001 0.03125 0.025781200000000008
9 0.28359399999999996 0.34062500000000007 0.08281250000000001 0.018750000000000003
9 0.9152340000000001 0.43125 0.0320312 0.0328125
9 0.6527340000000001 0.686719 0.0195312 0.09062500000000001
9 0.2349103317482246 0.16937396057090917 0.027957114281321457 0.33874792114181834
6 0.2807534071176018 0.2411310686095679 0.07275441765137662 0.049339202775070555
10 0.271136443864834 0.37451416763709067 0.033450306966149534 0.023415214876304807
9 0.23407407407406947 0.576566812691889 0.02795711428132129 0.47936848078343913
9 0.826486867472321 0.8043522576741293 0.3470262650553471 0.027233784651692097
9 0.4911372052774462 0.0974240190389107 0.17812288459474876 0.015888895808921045
9 0.7657964572161374 0.11392541231258418 0.03981036712781758 0.0398103671278175
9 0.5773324851748737 0.2418268045742957 0.016940581756517838 0.012705436317388545
