9 0.036082474226804086 0.49492886110942047 0.07216494845360817 0.030760834482189085
9 0.013530927835051549 0.24613402061855663 0.024484536082474233 0.01804123711340206
9 0.12144932960788182 0.24575390349394075 0.07926628923784372 0.011662746279619945
9 0.16995478436353673 0.26364683218737467 0.028647132303854267 0.04744860366648702
9 0.17719072164948432 0.4950771695293889 0.12242268041237102 0.03046421764225246
9 0.18026406271405215 0.3872422680412366 0.010142277781158407 0.21005154639175216
9 0.4233644071960883 0.494725423095407 0.17649932891255266 0.031167710510210552
9 0.6766123760564605 0.4946589992639529 0.1272245158304351 0.03204600441627352
9 0.8687297428419103 0.4949191786592367 0.1461085484414966 0.030005177127246655
9 0.4179008402783502 0.2490886699333946 0.01620102291176344 0.4981773398667892
9 0.8545270534555667 0.2776942592366994 0.018323065947258667 0.4356851293887993
9 0.9264433236138788 0.09977958183759363 0.14711335277222382 0.019203237925823107
9 0.8863331824131773 0.14566846245221537 0.06513272641367944 0.01144223572132204
9 0.9140585997379166 0.12410424897741595 0.011442235721322089 0.0457689428852881
9 0.45812951484216236 0.1927576633053481 0.046649114863851836 0.010562063742758832
9 0.47705321238127313 0.1672326759270144 0.010562063742759021 0.061612038499426695
9 0.5895353190433683 0.11882321710603666 0.012682220887882834 0.04576894288528822
9 0.5149006074594925 0.13642665667730142 0.16195164405563525 0.010562063742758832
9 0.5895952879080345 0.023324557431925727 0.014322627115676839 0.046649114863851454
9 0.46104957116456524 0.01276249368916686 0.04880987988221151 0.009681891764195587
9 0.3577899092859545 0.07481461817787476 0.011442235721321525 0.04928963079954098
9 0.3833148966642886 0.05501074866020215 0.06249221047798937 0.00968189176419558
9 0.3573498232966733 0.12806502288095065 0.010562063742758804 0.04664911486385146
9 0.3828748106750052 0.14610854844149668 0.05809135058517283 0.012322407699885527
9 0.21168136084445752 0.10033960555620808 0.42336272168891503 0.016802597448798494
9 0.2143218767801477 0.08141590801709925 0.009681891764195611 0.03608705112109265
9 0.2332455743192573 0.06953358630649556 0.0528103187137941 0.010562063742758818
9 0.2565701317511833 0.04840945882097796 0.011442235721322098 0.09681891764195592
9 0.08343643136950836 0.04972971678882268 0.01972359671638875 0.09945943357764536
0 0.46587115605523244 0.07613487614571962 0.05581064783748091 0.11450168706931743
5 0.5388451574746981 0.11826319338742229 0.04788910003041194 0.03304611412416977
1 0.5641902382590332 0.017603439571264687 0.03520687914252926 0.035206879142529374
5 0.38727567056782297 0.016723267592701454 0.04048791101390878 0.03344653518540291
10 0.23192531635141245 0.04444868491744335 0.048409458820977906 0.030806019249713223
5 0.1786749116483367 0.07965556405997276 0.047529286842414704 0.03432670716396617
0 0.11750295913819148 0.046649114863851385 0.05545083464948368 0.09329822972770277
2 0.051490060745949175 0.24556798201914234 0.06953358630649548 0.015843095614138335
9 0.0062811415792751926 0.37099248896440284 0.010801939201423916 0.24556798201914187
11 0.28699603387628075 0.49245622200613 0.11278195098542668 0.03432670716396617
11 0.09285814373842129 0.4920161360168482 0.062492210477989675 0.03696722309965586
11 0.5637501522697519 0.4933363939846933 0.11354218523465733 0.032566363206839734
11 0.7666297933285775 0.49289630799541156 0.07569479015643822 0.03696722309965586
11 0.9656109766599503 0.4915760500275651 0.06877804668009897 0.03608705112109258
7 0.8823724085096429 0.2878162369901778 0.041368082992472056 0.051049974756667636
5 0.8817727198629796 0.1782348256590549 0.040807116328670484 0.04664911486385142
5 0.5030182857488886 0.1593111281199455 0.03784739507821911 0.04224825497103526
4 0.46135035843308436 0.2738534230624984 0.05133045808856867 0.04952950625820642
7 0.4595900144759554 0.22094347055598892 0.04372811559626053 0.04748867896917835
7 0.3188824356351735 0.12864535053618237 0.04876927200897551 0.0437281155962612
5 0.23060505838356754 0.12718485090238746 0.04224825497103527 0.043128426949598515
4 0.16937313700875614 0.1302857567639761 0.047248803510514054 0.05109058262990305
2 0.5892751396480859 0.07349436021003011 0.022004299464080918 0.06601289839224261
2 0.8542069051956185 0.03432670716396613 0.02376464342120741 0.06865341432793226
10 0.5167525773195877 0.016108247422680407 0.03350515463917526 0.032216494845360814
1 0.22551546391752567 0.010309278350515467 0.04896907216494844 0.020618556701030934
4 0.2826801122546545 0.07216494845360816 0.04804183734636065 0.05412371134020611
9 0.43234529101373304 0.2490886699333946 0.01620102291176344 0.4981773398667892
