9 0.6392540551724466 0.9844609102625604 0.14104712223211194 0.018646907684923233
9 0.7018885399602638 0.9878077911290869 0.018646907684923095 0.024384417741825964
9 0.5778148849798151 0.9784843372866266 0.019125033522998214 0.03155630531294699
9 0.5780539478988512 0.8928998122712091 0.019603159361073087 0.09466891593883928
9 0.6325602934393962 0.8546497452252052 0.1286158504421624 0.0181687818468481
9 0.7014104141221894 0.8443700397066023 0.019603159361073094 0.021515662713373226
9 0.7494620608487225 0.857757563172694 0.10805643940493717 0.011953145951873745
9 0.8479559834921644 0.8577575631727009 0.012431271789948774 0.01195314595187385
9 0.862299758634413 0.8575185002536635 0.021037536875298034 0.009562516761499107
9 0.8565622485775086 0.9182404816891815 0.0105187684376489 0.13100647963253817
9 0.8957685672996584 0.9787234002056558 0.08797515420578965 0.010040642599573942
9 0.9347358231027578 0.9175232929320687 0.010996894275723756 0.12957210211831266
9 0.9230217400699315 0.8568013114965487 0.031556305312948556 0.010996894275723822
9 0.7803011774045568 0.9815921552341047 0.14200337390826293 0.011953145951873688
9 0.8460434801398639 0.9854171619387132 0.01243127178994875 0.017690656008773533
9 0.8960076302186973 0.9885249798862009 0.11044706859531433 0.011475020113798928
9 0.9459717802975302 0.9856562248577514 0.011475020113798928 0.018168781846848368
9 0.9543389824638401 0.9813530923150724 0.029165676122570892 0.011475020113798886
6 0.7171885667786644 0.9478842836498298 0.1381783672036618 0.056418848892844674
6 0.7104948050456145 0.8912263718379475 0.12574709541371296 0.05689697473091902
2 0.8216590623980419 0.8579966260917385 0.044943828779045736 0.016256278494548547
11 0.57733675914174 0.951470227435392 0.022950040227597848 0.028209424446422174
11 0.7010972556785398 0.8149653006649927 0.022471914389522812 0.04207507375059596
9 0.701814444435652 0.7712167864811343 0.02008128519914806 0.05402821970246992
9 0.7828567739893536 0.7795839886474417 0.1515658906697553 0.012431271789948392
2 0.8780038157662726 0.780062114485521 0.04255319958867101 0.01338752346609875
9 0.9490795982450166 0.7798230515664777 0.10184080350996635 0.01195314595187365
9 0.9070045244944205 0.7626105213957848 0.006215635894974384 0.025340669417972063
9 0.9177623558511075 0.7525698787962098 0.025818795256047272 0.006215635894974315
9 0.9354530118598652 0.7126463713169503 0.011475020113799077 0.12909397628023808
9 0.965096813820527 0.6540759561527648 0.06980637235894539 0.011953145951873766
1 0.9533728521546739 0.7620259037249509 0.02528930052627861 0.026474736488447892
5 0.9488286809663581 0.7221162263319175 0.01778153943253968 0.027265027129894034
0 0.9703641009457656 0.6739084972036926 0.05927179810846849 0.030426189695678518
3 0.9170194826481484 0.6988026524092542 0.026079591167724882 0.1023426380672836
9 0.851622932068475 0.7404904837455419 0.00671747045229266 0.07112615773015847
3 0.820604024391711 0.7616307584042279 0.060062088749912236 0.026474736488447895
3 0.7510584479444453 0.7555060059330198 0.08456109863474405 0.03872424143086406
11 0.7006774195522497 0.7094715760687784 0.020152411356878237 0.07705333754100499
8 0.7222128395316588 0.6918876092966005 0.026869881809171027 0.0671747045229275
3 0.7476997127182985 0.6916900366362388 0.023313573922663425 0.027265027129894138
9 0.7016652828540575 0.6470386153945281 0.01896697539470896 0.05176403701472637
9 0.7789161930554225 0.6515827865828434 0.14185717013959326 0.007112615773015838
9 0.8516229320684733 0.6460507520927203 0.0067174704522927784 0.050578601052557064
2 0.8514253594081134 0.6873434381082844 0.010273778338800619 0.04069996803447961
9 0.851622932068473 0.5693925598724383 0.006717470452292351 0.0355630788650792
3 0.7799040563572294 0.6363696917350042 0.14067173417742482 0.02647473648844789
11 0.7008749922126113 0.5848032273806393 0.020547556677601365 0.07823877350317437
9 0.8368049825413583 0.5506231571380906 0.04346598527954154 0.005927179810846518
9 0.9104995848562167 0.5504255844777283 0.04069996803448037 0.006322325131569601
9 0.9353937400617717 0.5095280437828881 0.01224950494241616 0.08811740652125145
9 0.8213943150331573 0.4652717678619008 0.22760370473650704 0.013039795583862375
9 0.9674005110403431 0.46507419520153725 0.06519897791931181 0.011854359621693043
9 0.9351961674014109 0.4044193884705416 0.011854359621693037 0.12130961346199211
9 0.8180355798070112 0.4190397653372977 0.005927179810846518 0.08574653459691324
9 0.8399661451071418 0.37972280592534896 0.04741743848677056 0.0063223251315696685
9 0.8616991377469138 0.3651024290585941 0.0055320344901233845 0.03398249758218703
9 0.9172170553085098 0.3793276606046259 0.026474736488447892 0.006322325131569686
1 0.9174146279688717 0.3943431827921038 0.026869881809171034 0.026079591167724635
10 0.9118825934787474 0.44551450182574553 0.016596103470370265 0.028845608412786782
10 0.9122777387994709 0.4848314612376944 0.0165961034703704 0.028450463092063255
5 0.8753316513118599 0.4787067087664862 0.027265027129894016 0.01778153943253936
5 0.87533165131186 0.451046536315869 0.027265027129894016 0.01778153943253936
0 0.8364098372206334 0.42121306460127445 0.03082133501640195 0.07823877350317499
0 0.8368049825413563 0.5097256164432494 0.03082133501640195 0.07823877350317499
9 0.8186282977880954 0.5113061977261422 0.0071126157730157956 0.08377080799329764
3 0.7650861068301156 0.5122940610279499 0.06836014048509678 0.0841659533140208
2 0.8508326414270289 0.6033750574546252 0.009088342376631347 0.03951453207231022
2 0.8737510700289678 0.5502280118173681 0.03674851482724963 0.008298051735185198
1 0.9170194826481484 0.5354100622902515 0.02766017245061717 0.02607959116772482
7 0.9519898435321429 0.5296804551397665 0.02173299263977077 0.025684445847001622
9 0.9454699457402118 0.514072214971204 0.0181766847532627 0.005532034490123358
9 0.9517922708717812 0.4921416496710713 0.0039514532072313984 0.045441711883157314
9 0.9519898435321431 0.4372164500905605 0.0051368891694003735 0.04860287444894161
9 0.9462602363816572 0.41568103011115143 0.015015522187479102 0.005532034490123389
7 0.9513971255510583 0.3927626015092114 0.022918428601940058 0.026079591167724753
2 0.8836297030470461 0.3791300879442644 0.04307083995881831 0.011459214300970029
3 0.7627152349057761 0.4470950831086381 0.10787467255740793 0.026474736488447875
9 0.701665282854057 0.46882807574840824 0.01896697539470896 0.16161443617574825
9 0.7004798468918881 0.3099796568177214 0.020547556677601365 0.015410667508200996
9 0.7856336635077149 0.3091893661762731 0.1568726923270741 0.005927179810846501
11 0.7014677101936957 0.3534456420972627 0.020942701998324507 0.07705333754100499
11 0.7006774195522496 0.26671124419854164 0.022523283281216798 0.07744848286172817
2 0.8613039924261909 0.33032964083496125 0.010273778338800747 0.03793395078941792
2 0.8611064197658294 0.2886418094986738 0.009088342376631347 0.03832909611014099
3 0.7650861068301156 0.35403836007834727 0.06836014048509678 0.0845610986347439
3 0.7476997127182982 0.27500929593372675 0.02489415520555642 0.027660172450617197
8 0.7228055575127433 0.2752068685940884 0.024103864564109206 0.0659892685607582
3 0.7520463112462515 0.22344283157936204 0.08258537203112679 0.03832909611014088
9 0.8618967104072753 0.2376680631253936 0.006717470452292873 0.0691504311265429
3 0.8275190675043642 0.21771322442887692 0.06519897791931488 0.025289300526278594
9 0.7982783137708545 0.1995365396756142 0.18058141157045537 0.013434940904585484
9 0.7014677101936958 0.20566129214682227 0.020152411356878237 0.05097374637328023
9 0.9634490578331127 0.19993168499633737 0.07310188433377414 0.012644650263139328
2 0.9081287129318786 0.19933896701525264 0.04307083995881816 0.017781539432539618
9 0.7012701375333344 0.1337566910647703 0.018966975394708967 0.020942701998324473
9 0.6337002876896853 0.12486592134850028 0.13197853712151797 0.01896697539470888
9 0.7504657299633624 0.12130961346199232 0.10313292870873031 0.01264465026313927
11 0.7008749922126113 0.161614436175749 0.02133784731904751 0.041095113355202696
2 0.8206040243917113 0.1219023314430772 0.04425627592098757 0.014620376866754808
9 0.8472763335405208 0.12130961346199255 0.015410667508200996 0.011854359621693084
9 0.8577476845396822 0.06342082397605797 0.011064068980246897 0.12684164795211594
9 0.8638724370108904 0.12289019474488486 0.019362120715430805 0.01027377833880066
9 0.9247248164022488 0.12209990410343875 0.03279706162001755 0.010273778338800672
9 0.9361840307032159 0.06361839663641955 0.010668923659523731 0.1272367932728391
9 0.8968670712912689 0.0033587352261463714 0.08851255184197546 0.006717470452292741
6 0.7170759503622582 0.0889076971626981 0.13751057161163982 0.0592717981084654
6 0.7174710956829813 0.031611625657848204 0.13751057161163982 0.0592717981084654
9 0.57719450682628 0.08653682523835951 0.019757266036155165 0.09483487697354467
9 0.5779847974677256 0.008495624395546708 0.01975726603615511 0.016991248791093417
11 0.57719450682628 0.028252890431701844 0.023708719243386134 0.02805531777134029
