9 0.3970206057846129 0.1895116958188001 0.019125033522998144 0.22776176286479646
9 0.44418119981291526 0.08475867129510549 0.11431554128519354 0.020863672934179817
9 0.5032949397930914 0.08367202166311703 0.018690373670202706 0.024775611609338544
9 0.6793321801752353 0.08801862019107133 0.34381594356116907 0.012605135731067
9 0.9426248994310061 0.08823595011746904 0.11475020113798762 0.013909115289453261
9 0.8389585245392996 0.07584814431279958 0.012605135731066927 0.015213094847839462
9 0.9100254104713495 0.028904880210894972 0.01303979558386231 0.02738357072611102
9 0.9280637943623609 0.030208859769281237 0.03259948895965835 0.007389217497522028
9 0.9876121941953317 0.030208859769281206 0.024775611609336744 0.007389217497522023
2 0.9595766336900265 0.029774199916485795 0.03738074734040567 0.011735816025476156
2 0.8383065347601064 0.050420542924267925 0.013909115289453211 0.04346598527954131
9 0.8385238646865051 0.025427601388531666 0.013474455436657835 0.014343775142248634
2 0.909808080544952 0.05846175020098307 0.016082414553430263 0.040423366309973424
2 0.8691673843085808 0.08758396033827577 0.04259666557395053 0.017821053964611932
9 0.6220632579943883 0.27361837733471256 0.01695173425902116 0.029122210137292704
9 0.838741194612902 0.2744876970403034 0.017386394111816545 0.029991529842883474
9 0.39712678417276204 0.605046515091215 0.018255713817407385 0.2260231234536147
9 0.4477646570234286 0.7080609002037298 0.12040077922432772 0.019994353228588984
9 0.5036184481076382 0.7454416475441338 0.018255713817407312 0.07476149468081152
9 0.5036184481076336 0.8721449946339987 0.018255713817407315 0.13604853392496252
9 0.6122834113064917 0.821941781636134 0.20429013081384062 0.013039795583862462
9 0.7009540212767559 0.8393931843920953 0.012170475878271669 0.029991529842883956
9 0.700736691350358 0.9074174513545776 0.012605135731067047 0.0356421079292226
9 0.6722664709922617 0.9306717534791419 0.3546824398810541 0.0178210539646119
9 0.8411318238032767 0.9158933184840876 0.016951734259021033 0.04911656336588156
9 0.9139373491465083 0.9000282338570551 0.019994353228588984 0.01651707440622565
9 0.9152413287048945 0.9217612264968276 0.01738639411181654 0.03651142763481782
9 0.9537087256772893 0.9313237432583286 0.09258254864542162 0.01738639411181639
9 0.633799074019868 0.7048659599519247 0.26123057153003887 0.01390911528945328
9 0.7655010094168749 0.7609370809625237 0.009997176614294487 0.11214224202121774
9 0.8030990866836796 0.7042139701727254 0.0808467326199475 0.012605135731067028
9 0.7570251422873643 0.8220067902802783 0.009562516761499107 0.01173581602547616
9 0.770499597724022 0.8187468413843128 0.020863672934179883 0.008693197055908337
9 0.8274400384402212 0.8189641713107104 0.029556869990087963 0.009127856908703722
9 0.8385238646865093 0.7648490196376845 0.010866496319885404 0.11561952084357911
6 0.6340164039462622 0.7909286108054063 0.13039795583862404 0.05476714145222208
6 0.6346683937254559 0.7381174386907641 0.12909397628023794 0.05520180130501811
2 0.7005193614239604 0.8711233536461601 0.01477843499504411 0.04303132542674593
2 0.733988170089207 0.822224120206676 0.04259666557395053 0.01390911528945334
2 0.8859017886412041 0.8224414501330738 0.042162005721155034 0.014343775142248725
2 0.8789472309964775 0.8998109039306571 0.056071121010608224 0.02129833278697513
9 0.9182839476744624 0.8248320793234485 0.012170475878271542 0.13996047260012315
9 0.9367569914182673 0.801577777198894 0.03173016925406514 0.007389217497522055
9 0.9930454423552741 0.8017951071252937 0.01390911528945185 0.007823877350316987
9 0.8509116704911732 0.7057352796575054 0.020863672934179754 0.01130115617268077
9 0.947840817664551 0.7053006198047099 0.10431836467089795 0.013909115289453204
2 0.9176319578952692 0.7359441394267863 0.014343775142248596 0.04650860424910925
2 0.968921820525128 0.800708457493303 0.03868472689879168 0.010866496319885385
9 0.8522156500495599 0.8217894603538813 0.028687550284496658 0.012170475878271683
9 0.9087214309129635 0.8220067902802783 0.010431836467089752 0.012605135731066981
1 0.9343663622278927 0.8154868924883475 0.02434095175654321 0.0247756116093385
0 0.9617499329540038 0.9065481316489872 0.07650013409199251 0.033903468518042296
11 0.5031837882548429 0.7928845801429857 0.020863672934179754 0.02912221013729258
9 0.6224979178471838 0.5233954714098297 0.01695173425902116 0.02999152984288354
9 0.8389585245392994 0.5231781414834319 0.01695173425902116 0.02955686999008809
3 0.9352356819334835 0.7818007538967027 0.024340951756543085 0.035642107929223864
2 0.87872990107008 0.7050832898783124 0.03998870645717797 0.016082414553430263
