2 0.988281 0.829297 0.0234375 0.0179687
4 0.563281 0.935938 0.0421875 0.045312500000000006
4 0.811328 0.776172 0.0429688 0.0460938
4 0.16367200000000004 0.776563 0.0429688 0.045312500000000006
9 0.764844 0.958594 0.0140625 0.08281250000000001
9 0.9689808717857247 0.8295986153571769 0.020773743571452497 0.018928769285643438
5 0.248437 0.9851559999999999 0.028125 0.0296875
9 0.7660160000000001 0.916406 0.0148437 0.0296875
9 0.5074111171246153 0.6425779999999999 0.013302265750769322 0.330469
9 0.525391 0.7632810000000001 0.028906299999999992 0.009375000000000001
9 0.49023399999999995 0.7640630000000002 0.02734380000000001 0.009375000000000001
9 0.785547 0.965625 0.0382813 0.0078125
9 0.22539100000000004 0.9566409999999999 0.0164062 0.0867188
9 0.24531199999999997 0.9496090000000001 0.0328125 0.010156199999999999
9 0.059765599999999995 0.7808589999999999 0.008593750000000002 0.0414063
9 0.936328 0.7632809999999999 0.053906300000000004 0.0109375
9 0.0367187 0.7632809999999999 0.053125 0.0109375
9 0.8039059999999999 0.946094 0.0140625 0.0421875
9 0.11210899999999999 0.942578 0.0195312 0.0648438
9 0.348828 0.938672 0.0117188 0.05234369999999999
9 0.9070309999999999 0.946875 0.0140625 0.045312500000000006
2 0.349219 0.977344 0.015625 0.0421875
9 0.3875 0.7933590000000001 0.0140625 0.0351562
9 0.10585899999999998 0.9671880000000002 0.028906299999999992 0.017187500000000005
5 0.48789099999999946 0.7183807657507689 0.028906299999999992 0.039885831501539154
9 0.3894529999999999 0.7625 0.0117188 0.028125
9 0.5942018545608704 0.9089839999999993 0.3587177091217411 0.017968699999999997
9 0.625781 0.776953 0.0109375 0.047656199999999996
9 0.735156 0.9691410000000001 0.0546875 0.010156199999999999
9 0.972656 0.9808590000000001 0.04375 0.010156199999999999
9 0.480078 0.7808589999999999 0.008593750000000002 0.0414063
9 0.45195299999999994 0.949219 0.055468699999999996 0.0109375
9 0.315625 0.7925779999999999 0.0140625 0.0414063
7 0.9420278717857254 0.7238279999999995 0.037819956428547456 0.04140629999999995
9 0.6257810000000001 0.6718749999999999 0.0125 0.06875000000000002
9 0.25781199999999993 0.9332029999999999 0.0078125 0.0414063
9 0.7113280000000001 0.942187 0.010156199999999999 0.0625
9 0.9673029358928592 0.6531771025000812 0.015394328214273452 0.3641662050001651
9 0.42851599999999995 0.933594 0.008593750000000002 0.0421875
9 0.477344 0.932813 0.009375000000000001 0.0421875
5 0.5265629999999999 0.7183589999999999 0.0296875 0.0414063
7 0.0332031 0.7222659999999999 0.0382813 0.0429688
9 0.9136719999999999 0.7804690000000001 0.008593750000000002 0.040624999999999994
9 0.4464840000000001 0.6410160000000001 0.12421900000000001 0.010156199999999999
9 0.00820312 0.638281 0.0164062 0.34218699999999996
9 0.3890620000000001 0.6691409999999999 0.0125 0.0648438
2 0.626172 0.729688 0.0164062 0.065625
9 0.0191406 0.9664060000000001 0.0367187 0.020312499999999997
2 0.39101600000000003 0.7253909999999999 0.0148437 0.061718800000000004
9 0.5173653155919428 0.8054482342492293 0.26910563118388664 0.015667031501538614
9 0.787109 0.9308590000000001 0.0445312 0.0164062
2 0.0632813 0.910937 0.06406249999999998 0.025
9 0.9558590000000001 0.958984 0.008593750000000002 0.047656199999999996
9 0.5687499999999999 0.6417970000000001 0.115625 0.010156199999999999
9 0.281641 0.908203 0.14609400000000003 0.0179687
2 0.385547 0.909375 0.0679687 0.021875
9 0.3499999999999999 0.7789059999999999 0.0859375 0.015625
9 0.535547 0.781641 0.008593750000000002 0.0382813
9 0.8390629999999999 0.8046880000000001 0.2593750000000001 0.018750000000000003
2 0.0640625 0.9664059999999999 0.0625 0.021875
2 0.682031 0.8039059999999999 0.06875000000000002 0.021875
9 0.8566410000000001 0.9625 0.114844 0.015625
2 0.177344 0.909375 0.0671875 0.021875
9 0.123828 0.8046880000000001 0.24296900000000002 0.018750000000000003
9 0.11953100000000001 0.9097659999999999 0.0578125 0.021093799999999992
5 0.6578119999999998 0.9351559999999999 0.0421875 0.03437500000000001
9 0.018749999999999996 0.911719 0.03593749999999999 0.025
9 0.951563 0.9300780000000001 0.096875 0.0179687
2 0.27109399999999995 0.8042969999999999 0.0703125 0.021093799999999992
11 0.120312 0.4671870000000001 0.104687 0.0328125
5 0.0859375 0.7785160000000002 0.0390625 0.0367187
11 0.8539060000000004 0.4667969999999999 0.101562 0.0320312
9 0.03671869999999994 0.4689808717857257 0.07187499999999987 0.026101256428547322
5 0.8882809999999999 0.7785159999999999 0.0421875 0.0382813
9 0.7499999999999997 0.4683491171246154 0.11093699999999998 0.025802265750769323
9 0.95117195 0.46847493589286304 0.09765610000000015 0.027113128214273967
11 0.335938 0.4699220000000001 0.0671875 0.0351562
0 0.564453 0.667578 0.10546900000000001 0.05078119999999999
0 0.45117199999999996 0.667578 0.102344 0.05078119999999999
9 0.5018896493799321 0.468464053017478 0.2740932987598644 0.025571693965043246
11 0.6656250000000001 0.4699220000000001 0.0671875 0.0351562
9 0.2374999999999998 0.4685898717857259 0.1406249999999999 0.025320056428547687
1 0.4167193950887543 0.7790842897503067 0.028128667221535 0.04105264945845648
1 0.6025966690256547 0.7779439383764608 0.02736843297230431 0.04029241520922588
10 0.5642048394395053 0.7794644068749221 0.026608198723073632 0.0402924152092257
10 0.45131005342874997 0.7798445239995375 0.02736843297230431 0.042573117956918004
1 0.9349999716907758 0.9566666477938515 0.026608198723073694 0.044093586455379266
1 0.3306137435523901 0.9346198545661611 0.025087730224612293 0.04105264945845603
10 0.29184179684162515 0.9334795031923151 0.026608198723073646 0.038771946710763866
