4 0.4652339999999999 0.938281 0.0398437 0.0421875
4 0.886719 0.754687 0.0390625 0.0421875
4 0.593359 0.754687 0.0398437 0.0421875
9 0.6679689999999983 0.962695206709091 0.015624999999999946 0.07460958658181653
9 0.40585899999999997 0.873438 0.0351562 0.0109375
7 0.714453 0.704297 0.0351562 0.0382813
9 0.8289059999999999 0.879687 0.021875 0.020312499999999997
9 0.292188 0.7417970000000003 0.0265625 0.008593750000000002
9 0.325 0.7425780000000002 0.0265625 0.008593750000000002
5 0.9666616830671323 0.9542969999999988 0.028635866134266087 0.03671869999999995
9 0.01484369999999995 0.9243387795524474 0.01562499999999995 0.1481974408951022
9 0.23242200000000005 0.9921879999999997 0.0117188 0.0140625
9 0.019140625 0.780077999999998 0.03828125 0.016406199999999985
9 0.33476599999999995 0.942969 0.013281300000000001 0.114063
9 0.6707484389776225 0.9066409999999999 0.01944112204475516 0.049218799999999986
9 0.975391 0.900391 0.008593750000000002 0.0382813
9 0.564844 0.9921879999999997 0.0109375 0.0140625
9 0.3089839999999997 0.6261719999999998 0.01502395591048959 0.3101559999999999
9 0.31992200000000004 0.916797 0.02734380000000001 0.00703125
9 0.832812 0.9339840000000001 0.0296875 0.0164062
2 0.23242200000000002 0.9605470000000002 0.0148437 0.06015619999999999
9 0.7399338779552448 0.6238279999999997 0.014242755910489832 0.3101559999999999
9 0.3871089999999999 0.895312 0.013281300000000001 0.04375
9 0.06523440000000001 0.900781 0.008593750000000002 0.0390625
9 0.7113279999999998 0.7421880000000001 0.04921880000000001 0.009375000000000001
9 0.839063 0.9085939999999999 0.017187500000000005 0.0578125
9 0.767187 0.7417970000000002 0.05 0.010156199999999999
9 0.4859379999999999 0.894531 0.0140625 0.053125
9 0.36093800000000004 0.916797 0.045312500000000006 0.008593750000000002
9 0.19882799999999995 0.6515629999999999 0.010156199999999999 0.0546875
9 0.04257810000000001 0.9167970000000001 0.053906300000000004 0.010156199999999999
9 0.41875 0.754297 0.0109375 0.0460938
5 0.31787812204475474 0.9735723169328665 0.02674275591048952 0.034645333865734776
9 0.23242200000000005 0.9097660000000002 0.0117188 0.06015619999999999
9 0.640625 0.9 0.0078125 0.0390625
9 0.28242200000000006 0.7578119999999998 0.008593750000000002 0.0390625
9 0.789844 0.758594 0.0078125 0.037500000000000006
9 0.8527340000000001 0.8781250000000003 0.0398437 0.017187500000000005
5 0.6495191220447548 0.9765470492013969 0.027524055910489457 0.037529901597202715
9 0.19726599999999994 0.7488279999999999 0.010156199999999999 0.05703130000000001
9 0.3339839999999999 0.759766 0.00703125 0.0382813
9 0.30781300000000006 0.900781 0.0078125 0.0390625
9 0.651953 0.917188 0.02734380000000001 0.0078125
9 0.41875 0.655469 0.0109375 0.065625
9 0.009765619999999997 0.4636719999999999 0.0195312 0.028906299999999992
9 0.7281073844419393 0.780858999999998 0.4640267688838773 0.016586455910489482
2 0.978125 0.780078 0.04375 0.0195312
2 0.034765599999999994 0.6570309999999999 0.055468699999999996 0.0140625
9 0.09648440000000001 0.6585940000000001 0.0820312 0.009375000000000001
2 0.7937499999999997 0.880078 0.0609375 0.024218699999999992
2 0.163672 0.6574220000000003 0.05703130000000001 0.0148437
9 0.25117199999999995 0.6277340000000001 0.11015599999999999 0.010156199999999999
2 0.41875 0.709375 0.015625 0.059375
9 0.1245191220447551 0.566797 0.008773955910489638 0.18046899999999996
9 0.5652340000000001 0.911328 0.0117188 0.061718800000000004
2 0.014843700000000001 0.8210940000000001 0.018750000000000003 0.0671875
9 0.9441410000000002 0.941797 0.0148437 0.116406
2 0.19726599999999994 0.7007809999999999 0.0148437 0.0578125
9 0.436719 0.9140619999999999 0.10781299999999999 0.0140625
9 0.2792970000000001 0.878125 0.10546900000000001 0.015625
5 0.8140619999999998 0.75625 0.037500000000000006 0.0328125
2 0.5652340000000001 0.9609380000000001 0.0148437 0.0578125
5 0.0386719 0.94375 0.0351562 0.0421875
9 0.964063 0.916406 0.03125 0.0078125
9 0.36796899999999994 0.6277340000000001 0.10781299999999999 0.010156199999999999
5 0.32656199999999996 0.699219 0.0265625 0.0390625
9 0.36289099999999996 0.8781250000000003 0.05859380000000001 0.017187500000000005
7 0.7644530000000002 0.703906 0.0367187 0.0390625
9 0.3097073686583989 0.46514412204475547 0.23660273731679812 0.025961555910489743
2 0.9 0.8785160000000002 0.065625 0.0195312
5 0.289844 0.7 0.028125 0.040624999999999994
9 0.608984 0.8777340000000001 0.114844 0.0164062
2 0.79375 0.932031 0.059375 0.021875
2 0.19843699999999997 0.878906 0.0671875 0.020312499999999997
9 0.09257809999999994 0.8777794389776225 0.1554689999999999 0.015294389776224507
2 0.523828 0.8785160000000002 0.0679687 0.0195312
9 0.7164060000000001 0.88125 0.104687 0.0234375
2 0.466406 0.779688 0.06406249999999998 0.020312499999999997
9 0.6898440000000001 0.7578119999999998 0.0078125 0.0390625
9 0.717578 0.932813 0.09921869999999998 0.018750000000000003
11 0.845703 0.4644530000000001 0.09609380000000002 0.030468800000000004
9 0.09882809999999997 0.4648439999999999 0.0757812 0.025360511820979363
2 0.06523439999999998 0.779688 0.0648438 0.020312499999999997
9 0.962891 0.8781250000000003 0.0742188 0.017187500000000005
9 0.7410159999999993 0.464754122044755 0.12734399999999987 0.025180255910489578
5 0.6656249999999999 0.755078 0.0390625 0.0351562
11 0.45703099999999997 0.46601600000000004 0.0625 0.0320312
11 0.6339840000000001 0.46484400000000003 0.09921869999999998 0.0296875
11 0.0410156 0.465625 0.053906300000000004 0.03437500000000001
11 0.16484400000000002 0.46484400000000003 0.0609375 0.028125
9 0.5367189999999997 0.4647985610223776 0.10468699999999999 0.026652677955244838
5 0.3572117559104892 0.979642561022377 0.03317301182097932 0.03638808977622467
0 0.361719 0.6523440000000003 0.096875 0.0484375
9 0.9457029999999989 0.4647985610223775 0.10859399999999984 0.026652677955244588
0 0.255859 0.6531249999999998 0.09921869999999998 0.046875
1 0.2136949362382955 0.7564710667171769 0.026953759745451226 0.03939395655104422
10 0.25239777074458447 0.757162188761932 0.02557151565594091 0.036629468372023494
10 0.36090393177114466 0.7564710667171768 0.02557151565594091 0.036629468372023494
1 0.39615115605365775 0.7564710667171768 0.02557151565594091 0.036629468372023494
9 0.26647802010611266 0.7811601220447489 0.3444870816109626 0.01580525591048999
4 0.14824567859998178 0.9046251578237883 0.0380117124615338 0.03870283450628927
1 0.24984061917898998 0.9032429137342772 0.025571515655940864 0.038702834506288517
1 0.5826158837286003 0.9032429137342775 0.026262637700696086 0.0400850785957991
