11 0.55 0.989062 0.0984375 0.021874999999999995
9 0.3988279999999997 0.7281850620155039 0.01796869999999999 0.4936288759689923
5 0.879687 0.6277339999999999 0.0390625 0.0632813
9 0.885938 0.538281 0.0375 0.009375
2 0.688672 0.47617200000000004 0.105469 0.030468799999999997
9 0.4535159999999999 0.9898440000000001 0.105469 0.0140625
2 0.7449220000000001 0.608594 0.022656300000000008 0.096875
9 0.7464840000000001 0.5273440000000001 0.0179687 0.09218750000000002
9 0.661328 0.9914059999999999 0.141406 0.015625
9 0.8523440000000002 0.991016 0.104687 0.0148437
9 0.746093999999999 0.6992490310077518 0.017187499999999994 0.09537306201550402
0 0.826563 0.7039060000000003 0.15156200000000003 0.071875
11 0.765625 0.988672 0.08125 0.022656300000000008
9 0.47656199999999993 0.514063 0.012500000000000002 0.0609375
9 0.8257810000000001 0.475781 0.18437500000000004 0.025000000000000005
9 0.8667969999999999 0.513672 0.011718799999999998 0.0601562
9 0.443359 0.539844 0.0789063 0.0140625
9 0.822656 0.74375 0.171875 0.0140625
9 0.5156249999999999 0.475781 0.260938 0.0265625
9 0.9089840000000001 0.7355770310077517 0.0210938 0.508532937984496
10 0.872093023255814 0.5691214470284238 0.05426356589147287 0.040051679586563305
1 0.7751937984496123 0.5148578811369509 0.04134366925064601 0.06072351421188629
3 0.6608527131782946 0.8895348837209305 0.08656330749354005 0.14857881136950904
3 0.5090439276485789 0.8275193798449613 0.05167958656330749 0.029715762273901807
3 0.4418604651162791 0.8275193798449613 0.05167958656330749 0.029715762273901807
3 0.4418604651162791 0.9211886304909561 0.05426356589147287 0.03359173126614987
3 0.5103359173126615 0.9231266149870802 0.05426356589147287 0.032299741602067174
5 0.43798449612403106 0.5839793281653747 0.05167958656330749 0.059431524547803614
7 0.43669250645994845 0.7286821705426355 0.05426356589147287 0.059431524547803614
8 0.7810077519379846 0.8934108527131783 0.060723514211886306 0.060723514211886306
8 0.4780361757105943 0.8753229974160209 0.14470284237726097 0.07622739018087855
4 0.6111111111111115 0.5200258397932815 0.06201550387596901 0.06847545219638207
