9 0.9766132231623795 0.701751107350477 0.014366138974284005 0.05431098529904392
11 0.8890019379844954 0.5847660000000005 0.0514413759689929 0.102344
11 0.677344 0.6985896694871413 0.09843749999999991 0.04657146102571605
11 0.5448759534883725 0.8893029793281655 0.05069040697674408 0.09483204134366935
9 0.9496089999999985 0.8351924378633356 0.05234369999999993 0.011010375726673384
9 0.9765619999999999 0.8207029999999998 0.012500000000000004 0.053906300000000004
9 0.8865229328165372 0.4601559999999994 0.04335836563307537 0.16093799999999991
2 0.9769529999999986 0.762789553675238 0.01796869999999997 0.07965922940191149
9 0.9238279999999998 0.3970999638242894 0.11015599999999999 0.04576262764857888
9 0.8862519224806202 0.6665109741602069 0.042817344961240004 0.08614744832041338
9 0.5439449328165373 0.9636719249999998 0.04413966563307497 0.07265615000000045
9 0.5812499999999993 0.7004665919677607 0.1156249999999997 0.04407630598695586
9 0.8150389328165373 0.7000599276485776 0.18788986563307436 0.042306555297157405
9 0.5432816537467702 0.7648578811369506 0.045219638242894024 0.17571059431524502
3 0.8074935400516794 0.8010335917312663 0.04392764857881135 0.04392764857881135
3 0.6983204134366927 0.7674418604651164 0.04263565891472867 0.05167958656330749
3 0.6983204134366927 0.8501291989664084 0.04263565891472867 0.05167958656330749
3 0.9450904392764861 0.6188630490956074 0.04263565891472867 0.05167958656330749
3 0.8062015503875969 0.8591731266149872 0.04392764857881135 0.04392764857881135
5 0.9089147286821706 0.8733850129198967 0.029715762273901807 0.03875968992248062
8 0.7564599483204134 0.8462532299741602 0.05297157622739017 0.0878552971576227
8 0.7558139534883721 0.7629198966408266 0.05426356589147287 0.08397932816537454
3 0.7861757105943152 0.9521963824289407 0.06072351421188632 0.03359173126614987
3 0.8423772609819121 0.9521963824289407 0.059431524547803614 0.03359173126614987
3 0.8985788113695089 0.9521963824289403 0.058139534883720936 0.0310077519379845
9 0.9280806245319718 0.9011660116267584 0.007942016922849515 0.13766162666272497
9 0.9766151723938279 0.8230695118854033 0.015001587520938229 0.05382922581042389
9 0.9510242289757564 0.6752597524879175 0.0979515420484867 0.014119141196177087
8 0.983233519829538 0.6126060634298871 0.033532960340923346 0.11295312956941682
3 0.9351401951300595 0.6973209106069512 0.059123903758991764 0.03176806769139754
3 0.673099272830808 0.9825146122676937 0.03649124396307234 0.03497077546461232
