9 0.521484 0.546484 0.06953119999999999 0.0117188
3 0.7065594814814815 0.388672 0.15094303703703704 0.11328099999999998
9 0.986328 0.795313 0.024218699999999992 0.08125
9 0.7687500000000002 0.635156 0.0328125 0.009375
9 0.7155725856230767 0.4855469999999991 0.145417828753846 0.010198331501538722
5 0.29375 0.6527339999999999 0.0484375 0.0414063
9 0.7550780000000001 0.655078 0.010156199999999999 0.047656199999999996
9 0.646484 0.649609 0.013281300000000001 0.05703130000000001
9 0.260938 0.655859 0.009375 0.047656199999999996
8 0.42460900000000007 0.4949219999999999 0.11328099999999999 0.06015619999999999
9 0.7890619999999996 0.48447982875384626 0.01718749999999997 0.39666434249230603
2 0.5160159999999998 0.6823794684984611 0.08671879999999986 0.021177763003076566
7 0.22968699999999997 0.5863279999999998 0.0453125 0.05078119999999999
9 0.4933491171246146 0.41847471162923044 0.011781797252308409 0.2646125767415365
2 0.5863279999999998 0.546484 0.07109380000000001 0.0195312
3 0.235547 0.372266 0.061718800000000004 0.13671900000000003
2 0.646094 0.591797 0.01875 0.07890630000000001
9 0.23359399999999997 0.6347660000000002 0.06406249999999998 0.0117188
9 0.6770054143769222 0.6819993513738447 0.23973917124615227 0.014125497252307571
9 0.33637053150153795 0.6823903513738461 0.28507193699692196 0.016469297252307624
9 0.19843700000000003 0.48320300000000005 0.01875 0.399219
11 0.575781 0.284375 0.0828125 0.04375
5 0.764063 0.591406 0.03437500000000001 0.05
9 0.6476352342492304 0.5222659999999997 0.012542031501538476 0.08203119999999994
0 0.7152339999999998 0.5171869999999995 0.1273439999999998 0.057980626006154876
9 0.7046247027476921 0.28243288287538415 0.18581140549538364 0.030531797252308118
11 0.357422 0.282422 0.12265600000000002 0.0414063
9 0.47578099999999873 0.2831822342492304 0.12812499999999985 0.030552863003076913
9 0.246875 0.282813 0.1125 0.0328125
4 0.38609624055858205 0.6510335498463369 0.05169592894768591 0.054736865944608706
8 0.2967687162739775 0.3731679317525247 0.049415226199993986 0.049415226199993896
10 0.7186987245970028 0.653694369718644 0.029649135719996424 0.046374289203071115
3 0.6046635872124014 0.6544546039678748 0.07830412767075966 0.050935694698455256
9 0.6339326058077819 0.5476416919509645 0.028888901470766618 0.010643279489229435
1 0.6689033812723935 0.6540744868432595 0.0364912439630725 0.050175460449224586
3 0.5214179369216424 0.3591035981417572 0.04865499195076331 0.07602342492306753
3 0.5214179369216424 0.4328463203171329 0.04865499195076331 0.07602342492306753
3 0.5214179369216424 0.5043083397448165 0.04865499195076331 0.07602342492306753
3 0.40054069129396486 0.45717381629251436 0.044093586455379176 0.022807027476920264
3 0.44007287225396013 0.4571738162925142 0.044093586455379176 0.022807027476920264
3 0.39902022279550353 0.5316767727171205 0.044093586455379176 0.022807027476920264
3 0.4408331065031907 0.5316767727171204 0.044093586455379176 0.022807027476920264
