2 0.411719 0.9375 0.08125 0.0234375
2 0.7597659999999999 0.9382809999999999 0.07890630000000001 0.0265625
9 0.45585899999999996 0.907422 0.013281300000000001 0.061718800000000004
9 0.7011720000000001 0.905859 0.013281300000000001 0.053906300000000004
9 0.5870053333333333 0.9386719999999967 0.28026066666666727 0.021093799999999958
5 0.173047 0.8496089999999998 0.0335938 0.04921880000000001
9 0.600391 0.8914059999999999 0.0320312 0.009375
9 0.06015619999999997 0.922266 0.017187500000000005 0.0398437
9 0.176953 0.8914059999999999 0.030468799999999997 0.009375
7 0.22343800000000003 0.782031 0.0453125 0.05000000000000002
5 0.5576691199735194 0.8550779999999999 0.03195291984111755 0.04453119999999999
2 0.06285145992055867 0.8507809999999995 0.0163279198411173 0.07656249999999998
5 0.602734 0.8472659999999996 0.0335938 0.0460938
11 0.018359400000000005 0.5597659999999997 0.0351562 0.038124639682234486
2 0.45585899999999974 0.8490751199735197 0.01583317989407819 0.06575499973519565
9 0.12613235992055863 0.7509248800264804 0.13664071984111723 0.012213539947039104
9 0.25585900000000006 0.910937 0.010156199999999999 0.046875
9 0.610156 0.9113280000000001 0.009375 0.0460938
9 0.5601560000000001 0.8914059999999999 0.0328125 0.009375
9 0.03164059999999999 0.908203 0.06015619999999999 0.0179687
11 0.9574220000000001 0.556641 0.0835937 0.0367187
9 0.2168534710316697 0.9388148800264784 0.3262070626988702 0.01867171984111726
9 0.45585899999999996 0.791016 0.013281300000000001 0.06484380000000001
0 0.128906 0.7800779999999999 0.12343799999999998 0.05078119999999999
9 0.15486952010592175 0.5574219999999992 0.23958360052960892 0.02989567989407825
9 0.23085900000000006 0.890625 0.06328130000000001 0.010937499999999998
9 0.548047 0.910937 0.010156199999999999 0.046875
9 0.6437500000000003 0.7509248800264804 0.12968800000000008 0.010078019841117192
0 0.6414059999999998 0.780364760052961 0.11406299999999994 0.056458279894078214
9 0.164453 0.9113280000000001 0.010156199999999999 0.0460938
9 0.8929689999999999 0.9382809999999999 0.204688 0.021874999999999995
9 0.5136720000000001 0.7629952399470392 0.13046900000000003 0.010364479894078212
9 0.0625 0.7847659999999999 0.0140625 0.07734369999999999
9 0.702344 0.785937 0.012500000000000004 0.08125
9 0.6103385201059219 0.5572791199735194 0.2277599597881563 0.03174473994703909
11 0.3112237600529608 0.5592707600529612 0.0744269798940782 0.03614577989407823
11 0.7578119999999999 0.5602998800264806 0.07656250000000003 0.03820301984111752
0 0.516797 0.7925779999999999 0.116406 0.05859380000000001
2 0.7024868800264801 0.8534117600529614 0.01632791984111731 0.07130197989407824
9 0.5790498800264803 0.7500259597881562 0.015338439947039095 0.36713608042368706
9 0.19637976005296096 0.7503909999999999 0.018176979894078266 0.37890599999999985
11 0.4714839999999998 0.5597659999999999 0.06328129999999996 0.03927077989407812
9 0.39371035992055864 0.5578129999999999 0.10773371984111735 0.03124999999999999
9 0.8562499999999994 0.557422 0.13437499999999997 0.02932275978815649
9 0.06246396309821255 0.8916223546244688 0.013880880688491677 0.02669400132402252
10 0.13026672646122964 0.9087065154718432 0.029897281482905158 0.04377816217139694
1 0.0832852841309501 0.908172635445363 0.03203280158882695 0.04698144233027955
1 0.47568710359408023 0.9092403954983236 0.03096504153586605 0.04698144233027942
1 0.682298673842014 0.9081726354453628 0.029897281482905106 0.04484592222435764
10 0.6411899118030194 0.909774275524804 0.0288295214299443 0.04591368227731855
10 0.5178636256860358 0.9087065154718431 0.029897281482905172 0.04377816217139678
5 0.2236957310953083 0.8627928331945249 0.03950712195955324 0.04377816217139707
4 0.28295641403463806 0.9071048753924018 0.04698144233027955 0.0491169624362013
