9 0.25064599483204064 0.557493540051679 0.4470284237726085 0.029866174885310223
9 0.598191214470282 0.5579116688887555 0.13178294573643345 0.029941381191013784
9 0.8417312661498684 0.5577214060466436 0.15891472868217005 0.030321906875239092
9 0.1011933226355263 0.6763565891472865 0.010411123618365561 0.22351421188630483
9 0.3230346324562614 0.7487080103359172 0.01572872145157988 0.3785529715762275
9 0.8413131373127893 0.7519379844961226 0.017782535918636936 0.3695090439276476
9 0.7713178294573632 0.9384026249611083 0.4573643410852709 0.02074704093102686
9 0.8068475452196366 0.891472868217054 0.06330749354005151 0.010486329924069598
9 0.7801714942638303 0.9102067183462532 0.012539370956602538 0.04780361757105937
11 0.5012919896640828 0.560077519379846 0.07493540051679584 0.03746770025839796
11 0.7144702842377262 0.5574935400516811 0.11369509043927627 0.03746770025839796
11 0.9567183462532297 0.5574935400516814 0.08656330749353998 0.03746770025839797
2 0.5122739018087856 0.9373385012919896 0.07881136950904394 0.024547803617571057
2 0.4554263565891471 0.8528491267394895 0.021963824289405676 0.06865247283720417
2 0.18927648578811368 0.8410852713178295 0.021963824289405676 0.07493540051679587
2 0.146640826873385 0.7894056847545222 0.07105943152454781 0.020671834625323005
2 0.03617571059431524 0.9360465116279072 0.07235142118863049 0.02454780361757109
5 0.3443152454780362 0.8404392764857879 0.032299741602067174 0.047803617571059415
5 0.2997416020671835 0.8417312661498706 0.03617571059431524 0.047803617571059415
10 0.2558139534883721 0.9108527131782945 0.0310077519379845 0.046511627906976744
10 0.38630490956072355 0.9095607235142118 0.0310077519379845 0.046511627906976744
1 0.4302325581395349 0.9082687338501292 0.03617571059431524 0.049095607235142114
1 0.20930232558139536 0.9089147286821704 0.03359173126614987 0.047803617571059415
0 0.3883040229133217 0.7847340817533488 0.11486482239041233 0.05242778244772873
0 0.2605466853460191 0.7847340817533487 0.11973350269297475 0.05242778244772827
5 0.7525839793281653 0.9076227390180879 0.047803617571059415 0.040051679586563305
5 0.9308785529715762 0.9069767441860465 0.047803617571059415 0.04134366925064601
7 0.8727390180878547 0.8449988434629293 0.04263565891472863 0.04658683421268121
7 0.8113319058910733 0.8462156268213069 0.044002854884514234 0.04658683421268028
9 0.2732558139534877 0.9384026249611084 0.41731266149870705 0.019074525582719548
9 0.07105943152454762 0.7913436692506448 0.10594315245478012 0.010866855608294545
9 0.456072351421189 0.7859786332929266 0.012076824507396357 0.0732492562499343
9 0.3959948320413435 0.7531688453037322 0.13307493540051596 0.010213659599714
9 0.2512919896640822 0.7537400205473316 0.13307493540051596 0.01135601008691272
9 0.19007211979703917 0.7821501024251829 0.01207682450739641 0.06619075122198587
9 0.18948725382147125 0.8998708010335915 0.012647999750995722 0.06330749354005191
9 0.45607235142118946 0.9087513987733185 0.013219174994594955 0.053298236045095815
9 0.8766149870801014 0.8918909970541304 0.06330749354005152 0.01132258759822333
9 0.9015809195347508 0.9114987080103353 0.013375628630755237 0.04780361757105935
4 0.6647286821705427 0.9050387596899226 0.05038759689922481 0.05555555555555555
9 0.3436692506459949 0.8921936826375374 0.03100775193798452 0.008649773045800448
9 0.3023255813953492 0.8921936826375375 0.031007751937984523 0.008649773045800451
9 0.35379439992529865 0.9114987080103357 0.009071309112515875 0.0478036175710594
9 0.29092213318393095 0.9114987080103357 0.010784834843313438 0.0478036175710594
11 0.015306871893323713 0.5600775193798424 0.03061374378664742 0.03746770025839752
