9 0.07863594113426518 0.4394529999999968 0.15727188226853037 0.010516811820979174
9 0.8121089999999984 0.8075112913734279 0.1976559999999995 0.031851417253144124
9 0.7124101220447535 0.813986313097905 0.009555255910489587 0.1204641738041877
3 0.40234400000000003 0.784375 0.0421875 0.045312500000000006
9 0.22851599999999986 0.43927324408951024 0.019531199999999988 0.012079211820979114
9 0.717578 0.08515619999999999 0.0382813 0.0484375
9 0.4292969999999999 0.06445309999999999 0.0117188 0.024218699999999992
9 0.0105469 0.9777340000000001 0.0195312 0.0445312
3 0.24257799999999885 0.06295058977622418 0.02734379999999986 0.10402712587971666
8 0.9824219499999985 0.9082029999999994 0.03515609999999993 0.05336553226853095
9 0.4292969999999999 0.348437 0.0117188 0.018750000000000003
9 0.42968799999999996 0.32695299999999994 0.0125 0.02734380000000001
2 0.644922 0.7589840000000001 0.0664062 0.0179687
2 0.3292970000000001 0.6367190000000003 0.10859400000000001 0.017187500000000005
9 0.01479866102237752 0.8463490964853142 0.011388089776224145 0.22551019297063188
9 0.23007799999999992 0.5941387384441937 0.011718799999999991 0.31953452311161146
9 0.920313 0.759375 0.03125 0.0125
3 0.7371089999999999 0.8417970000000001 0.0414063 0.0445312
9 0.064152677955244 0.5839554447300643 0.02518025591048948 0.2866010862657216
3 0.988672 0.952344 0.021093799999999992 0.0390625
9 0.4808589999999999 0.0777344 0.05078119999999999 0.013281300000000001
3 0.08242189999999973 0.2153998051118877 0.027343799999999908 0.1398742479244717
8 0.4792969999999999 0.47968799999999995 0.0898438 0.05
8 0.48007799999999995 0.185156 0.09296869999999999 0.0515625
9 0.910201438977622 0.7890619999999999 0.011207933865734678 0.07187499999999997
8 0.314844 0.919922 0.09375 0.05078119999999999
9 0.4790261929706308 0.7593749999999976 0.2763226140587368 0.012499999999999947
2 0.5339839999999999 0.33789100000000005 0.0664062 0.0179687
9 0.3644530000000001 0.9656249999999997 0.013281300000000001 0.06875000000000002
2 0.4292969999999999 0.028515600000000002 0.0179687 0.05703130000000001
3 0.12286624408950945 0.21565548817902008 0.02457931182097914 0.13900336996922685
3 0.6949219999999999 0.840625 0.02734380000000001 0.0546875
5 0.0902344 0.4800780000000001 0.025781200000000008 0.0367187
8 0.5351559999999999 0.8089840000000001 0.05 0.09296869999999999
9 0.403906 0.6367190000000001 0.046875 0.0125
3 0.9855469999999997 0.864062 0.028906299999999992 0.040624999999999994
2 0.3089839999999999 0.758594 0.0664062 0.018750000000000003
9 0.027343799999999984 0.5695309999999999 0.051562499999999976 0.011117755910489517
5 0.10585899999999998 0.760156 0.0367187 0.037500000000000006
9 0.1171879999999999 0.5784705610223775 0.09062499999999991 0.010426633865734591
9 0.11562474999999969 0.7316409999999967 0.23124949999999939 0.02265629999999985
9 0.2562499999999999 0.636328 0.046875 0.0117188
2 0.428906 0.3871089999999999 0.018750000000000003 0.0726563
2 0.189063 0.438281 0.06875000000000002 0.020312499999999997
9 0.7121089999999998 0.966797 0.013281300000000001 0.0664062
9 0.42916168306713265 0.1765629999999999 0.01042663386573435 0.15468699999999988
5 0.6128909999999999 0.31679700000000005 0.0351562 0.0335938
5 0.69375 0.37148400000000004 0.03593749999999999 0.0351562
2 0.712109 0.904297 0.0195312 0.0726563
9 0.6949219999999999 0.7589839999999998 0.0429688 0.0117188
3 0.6949219999999999 0.790625 0.028906299999999992 0.053125
5 0.6124999999999999 0.0433594 0.03437500000000001 0.0335938
9 0.253906 0.759375 0.0515625 0.0125
9 0.4292969999999999 0.514453 0.0117188 0.186719
5 0.18164099999999997 0.7582030000000001 0.0367187 0.0367187
2 0.189063 0.5781250000000001 0.0703125 0.017187500000000005
2 0.533594 0.07695309999999998 0.0671875 0.0179687
5 0.397656 0.8222660000000002 0.03125 0.0351562
5 0.687891 0.31484400000000007 0.0351562 0.03593749999999999
3 0.28203099999999975 0.21618080511188778 0.026562499999999968 0.13704961022377582
5 0.40039100000000005 0.896484 0.0335938 0.0351562
3 0.28242200000000006 0.0632813 0.02734380000000001 0.101562
3 0.5125 0.6300779999999998 0.101562 0.025781200000000008
3 0.24179699999999904 0.21567043897762223 0.028906299999999906 0.13927283067132706
3 0.6503909999999999 0.6304689999999998 0.10703099999999999 0.0265625
5 0.619141 0.375 0.0335938 0.03437500000000001
2 0.428906 0.283594 0.018750000000000003 0.06875000000000002
9 0.46718699999999985 0.3383264389776224 0.07656249999999999 0.012590177955244879
5 0.09023440000000002 0.537109 0.030468800000000004 0.0382813
5 0.6875000000000001 0.040625 0.03437500000000001 0.03437500000000001
2 0.964844 0.758984 0.0671875 0.0195312
3 0.5804690000000001 0.83125 0.040624999999999994 0.0390625
5 0.8777339999999998 0.838281 0.0382813 0.03593749999999999
3 0.519531 0.5816409999999999 0.0546875 0.028906299999999992
3 0.4699219999999999 0.5816409999999999 0.05234369999999999 0.02734380000000001
3 0.817187 0.7683590000000001 0.139062 0.025781200000000008
9 0.5827370728433557 0.5992634389776214 0.30171285431328565 0.009825689776224333
5 0.801953 0.8394529999999999 0.0351562 0.0335938
9 0.37052324408951004 0.8472659999999983 0.02457931182097901 0.17109399999999983
3 0.580469 0.7945310000000001 0.0421875 0.040624999999999994
9 0.6379653405748245 0.07044771693286699 0.12442848434405902 0.023707833865734492
3 0.4878910000000001 0.522656 0.0460938 0.0390625
9 0.6548528051118868 0.344441122044755 0.16060638977622374 0.023617755910489625
5 0.0347656 0.530859 0.028906299999999992 0.0335938
5 0.0347656 0.47773399999999994 0.028906299999999992 0.0351562
3 0.47851600000000005 0.943359 0.0335938 0.0367187
3 0.807813 0.937891 0.03437500000000001 0.0382813
3 0.6562499999999999 0.47968799999999995 0.03593749999999999 0.03437500000000001
3 0.501953 0.4355469999999999 0.0367187 0.0398437
9 0.4417969999999999 0.621875 0.0367187 0.040624999999999994
3 0.502344 0.22851600000000002 0.037500000000000006 0.0414063
3 0.111328 0.9195310000000001 0.0367187 0.03593749999999999
3 0.3050780000000001 0.9628910000000002 0.0460938 0.0398437
3 0.4652339999999999 0.4363280000000001 0.0367187 0.0414063
3 0.49335899999999994 0.817187 0.0398437 0.046875
3 0.32812500000000006 0.876953 0.03593749999999999 0.0398437
3 0.6484380000000001 0.19140600000000002 0.03593749999999999 0.03437500000000001
3 0.291406 0.876172 0.037500000000000006 0.0398437
3 0.48828099999999997 0.141406 0.04375 0.040624999999999994
9 0.44248812204475485 0.09067003897762228 0.03689905591048957 0.037590177955244795
3 0.4652339999999999 0.22851600000000002 0.0367187 0.0414063
4 0.03904839552866649 0.7636362606937351 0.04215844473006472 0.04699629904335081
9 0.03662946837202348 0.6243751686755704 0.034556102237758 0.04077620064055442
9 0.5715464287580283 0.3383264389776219 0.014361515972034196 0.012590177955244823
9 0.5724326709300577 0.07773439999999977 0.014151731627975497 0.011899055910489611
