9 0.4890608394488822 0.423453263811283 0.019994353228588172 0.03259948895965518
9 0.4890608394488815 0.5197304212054653 0.019125033522998144 0.023471632050952405
9 0.4892781693752793 0.6053584122061614 0.017821053964611932 0.013039795583862441
9 0.5644743239088857 0.6120956399244903 0.13952581274732762 0.012605135731066927
9 0.48884350952248384 0.6331766427850685 0.01869037367020276 0.04607394439631455
9 0.4886261795960861 0.7451015548798867 0.019125033522998214 0.04303132542674578
9 0.4301644293951031 0.7659652278140666 0.1343098945137827 0.017821053964611932
9 0.5588237458225453 0.7692251767100322 0.12996329598582823 0.011301156172680888
9 0.6309772813865839 0.6518670164552713 0.005650578086340381 0.07736945379758442
9 0.6309772813865838 0.7407549563519327 0.006519897791931156 0.036076767782019376
9 0.6644460900518309 0.7616186292861125 0.087366630411878 0.010866496319885385
9 0.627282672637823 0.7650959081084757 0.01217047587827155 0.01869037367020271
9 0.6737912768869322 0.7722677956796001 0.08345469173671924 0.008693197055908337
9 0.6366278594729257 0.8255136276470388 0.01086649631988527 0.11344622157960414
9 0.7105200344481457 0.8296428962485943 0.010866496319885394 0.12431271789948806
9 0.6724872973285467 0.8868006668911919 0.07389217497521866 0.009997176614294367
9 0.5381774028147632 0.8857140172592031 0.09214788879262761 0.011301156172680647
9 0.42668715057273987 0.888539306302373 0.12822465657464688 0.018690373670202706
9 0.3721373390469154 0.8526798684467515 0.019125033522998144 0.08953992967585503
9 0.37213733904691554 0.7720504657532022 0.018255713817407385 0.029122210137292704
11 0.3721373390469156 0.7976953970681318 0.022602312345361485 0.02651425102052014
6 0.5075338831926867 0.8543889493135368 0.09866778658455883 0.05476714145222208
6 0.5077512131190848 0.8007084574933035 0.09910244643735426 0.056071121010608946
9 0.6272826726378229 0.8854671287884088 0.01564775470063488 0.012605135731066927
9 0.48884350952248423 0.8974202747402827 0.018690373670202706 0.01999435322858909
9 0.48862617959608623 0.9500141169285274 0.018255713817407315 0.020863672934179754
9 0.4888435095224844 0.9737030789058783 0.01955969337579359 0.02912221013729345
9 0.5790354289775338 0.95957663369003 0.17473326082375926 0.013039795583862458
9 0.7400769044382326 0.9589246439108335 0.07432683482801568 0.012605135731067056
9 0.7809349306010014 0.9747897285378666 0.011735816025476147 0.05042054292426694
9 0.8074491816215218 0.96305391251239 0.04476996483792747 0.00521591823354513
9 0.8780814077007766 0.9591419738372315 0.028687550284497192 0.01130115617268077
9 0.9455606016423198 0.9626192526595975 0.10887879671536008 0.005215918233544996
9 0.7804967743383164 0.7889726414678271 0.013909115289453211 0.24819077594618094
9 0.8791645609228752 0.8211374705746877 0.006954557644726541 0.09953710629014985
9 0.8561275887247186 0.8674287448973996 0.046073944396313016 0.0052159182335448796
9 0.7931019100693834 0.8678634047501945 0.017386394111816545 0.006954557644726541
9 0.8909003769483513 0.8398278442448904 0.02521027146213399 0.005650578086340259
9 0.900245563783453 0.8546062792399344 0.006519897791931154 0.032599488959656246
9 0.8895963973899653 0.8680807346765925 0.025210271462133896 0.004781258380749491
9 0.891335036801147 0.7691956181656365 0.21732992639770593 0.012170475878271554
9 0.861560836884661 0.7120378475230388 0.006519897791931156 0.10736098364046696
9 0.8669940850446042 0.6579226958500098 0.01825571381740677 0.005215918233545
9 0.8746006324685238 0.6333644141670692 0.005650578086340385 0.05346316189383575
9 0.860908847105468 0.6377110126950234 0.006085237939135771 0.04650860424910925
9 0.8561275887247192 0.6118487514536963 0.04259666557395053 0.013039795583862701
9 0.7891899713942249 0.6116314215272984 0.02955686999008822 0.011735816025476187
9 0.797665838523737 0.6422749411493751 0.006519897791931284 0.05563646115781328
9 0.7911459407318042 0.6677025425379065 0.014343775142248596 0.004781258380749489
9 0.7707169276504198 0.6700931717282813 0.030860849548474244 0.01130115617268077
9 0.7094298884062664 0.6792210286369851 0.013474455436657826 0.027818230578906422
9 0.708995228553471 0.7483319452314557 0.012605135731066927 0.03825006704599629
9 0.708995228553471 0.6118487514536962 0.012605135731066927 0.11214224202121664
9 0.8302653274833932 0.5533870012527159 0.25601465329649487 0.011735816025476133
9 0.9634885723651853 0.5323059983921354 0.01912503352299805 0.03998870645717896
9 0.9787016672130252 0.5503443822831419 0.04259666557394969 0.0186903736702027
9 0.9632712424387876 0.43016093298521335 0.0186903736702027 0.027818230578906346
9 0.8887270776843781 0.4114705593150195 0.2216765249256678 0.0156477547006349
9 0.6377110126950231 0.4073412907134544 0.28470220358099557 0.01608241455343033
9 0.48101613576227686 0.40342935203829555 0.03129550940126976 0.015213094847839495
11 0.9632712424387877 0.47775618686631127 0.023036972198156935 0.07519615453360644
3 0.8756872821005117 0.4977505400949001 0.02521027146213399 0.02564493131492937
3 0.8756872821005117 0.52904604949617 0.02521027146213399 0.02564493131492937
3 0.9374089811974606 0.5127463050163419 0.026079591167724882 0.06519897791931195
3 0.9124160396617244 0.4536325650361658 0.017821053964611804 0.021732992639770646
3 0.8919870265803399 0.4329862220283836 0.020429013081384496 0.017821053964611932
3 0.9332797125959041 0.43255156217558816 0.021298332786975266 0.018690373670202765
8 0.9126333695881219 0.4332035519547813 0.03390346851804205 0.03390346851804231
8 0.906765461575384 0.513398294795535 0.0256449313149295 0.049985883071472524
7 0.8409144938768791 0.4260316643836572 0.025210271462133983 0.02129833278697549
5 0.7922325903637923 0.45471921466815424 0.020863672934179754 0.03433812837083764
9 0.7568078123609664 0.42798763372123644 0.006519897791931155 0.03129550940126991
9 0.7781061451479416 0.45537120444734747 0.006519897791931283 0.08693197055908262
9 0.7659356692696704 0.44081009937870097 0.025644931314928798 0.005650578086340382
9 0.7585464517721482 0.4955772408309232 0.04303132542674593 0.007389217497522055
9 0.6857409264289166 0.4955772408309232 0.03825006704599644 0.006519897791931203
9 0.6696585118754866 0.45341523510976794 0.006085237939135783 0.08649731070628709
9 0.5959836668266636 0.4542845548153591 0.006519897791931155 0.08910526982306001
9 0.6142393806440718 0.49601190068371864 0.04129268601556588 0.00565057808634032
9 0.630756455050297 0.5310020188337494 0.006519897791931154 0.07041489615285705
9 0.6307564550502965 0.6040248741033786 0.006519897791931156 0.01043183646709
9 0.6403189718117958 0.9810922964034 0.007389217497522046 0.03781540719319997
3 0.5549083107374969 0.567513446468564 0.06432965821372105 0.07997741291435599
3 0.5336099779505217 0.472757598559164 0.02434095175654315 0.02521027146213392
3 0.5894637690347324 0.635103053578251 0.07954275306156061 0.036076767782019896
3 0.5336099779505217 0.6531414374692605 0.02434095175654315 0.02521027146213392
8 0.5088343663411833 0.654228087101249 0.02434095175654315 0.07606547423919727
8 0.5083997064883881 0.47254026863276627 0.02434095175654315 0.07606547423919727
11 0.4881880233334011 0.4751482277495388 0.02216765249256609 0.07519615453360644
11 0.48905734303899195 0.5655574771309848 0.02216765249256609 0.07519615453360644
11 0.4886226831861966 0.6907395147360639 0.02216765249256609 0.07519615453360644
2 0.6307564550502966 0.7079085789214823 0.009997176614294492 0.03998870645717797
2 0.6303217951975012 0.5825092113900058 0.01173581602547616 0.03868472689879175
2 0.6498814885732948 0.4955772408309231 0.037815407193200916 0.009127856908703658
2 0.7202963847261517 0.4955772408309231 0.03694608748761015 0.009997176614294492
2 0.7376827788379683 0.6692238520226909 0.04303132542674593 0.01564775470063488
2 0.7098645482590616 0.7102992081118573 0.016082414553430263 0.04303132542674593
2 0.8202681508690968 0.6116314215272984 0.03955404660438258 0.01695173425902116
2 0.8176601917523243 0.8676460748237969 0.036076767782019376 0.009997176614294492
2 0.8467824018896171 0.9619672628804016 0.037815407193200916 0.009997176614294492
2 0.7813660940439072 0.9313237432583249 0.016517074406225775 0.04172734586835951
2 0.6837849570913371 0.9591419738372313 0.041292686015564135 0.01651707440622565
3 0.5449111341232027 0.4232063753404883 0.09736380702617295 0.026948910873316127
3 0.6096754521897191 0.4590658131961085 0.025210271462133855 0.07084955600565233
9 0.6031555543977877 0.422337055634896 0.018255713817407315 0.003477278822363335
9 0.6088061324841282 0.41668647754855576 0.004346598527954105 0.012170475878271542
0 0.6868275760609052 0.4529805752569727 0.029991529842883488 0.08041207276715152
5 0.7220350241373336 0.4208157461501122 0.02564493131492938 0.016951734259021387
10 0.7613717408153182 0.4655857109880396 0.027818230578906422 0.017821053964611932
4 0.7924499202901905 0.4857973941430263 0.02477561160933847 0.02607959116772482
1 0.6557493965860327 0.4249450147516685 0.026079591167724753 0.025210271462133997
8 0.9589246439108335 0.6068501631465488 0.02477561160933847 0.04911656336588169
8 0.98674287448974 0.6905221848096659 0.026514251020520182 0.03477278822363308
3 0.9923934525760804 0.669658511875486 0.015213094847839465 0.022602312345361406
3 0.9923934525760802 0.7113858577438458 0.015213094847839465 0.022602312345361406
3 0.9886988438273197 0.6070674930729476 0.02260231234536071 0.06519897791931199
7 0.8750352923213188 0.6731357906978493 0.022167652492566036 0.02521027146213399
5 0.875469952174114 0.7296415715612531 0.02129833278697513 0.03477278822363309
5 0.8509116704911733 0.6992153818655741 0.018255713817407315 0.026079591167724753
10 0.8454784223312308 0.6403189718117958 0.02738357072611104 0.016951734259021033
1 0.7961445290389513 0.6820463176801552 0.020863672934179754 0.02477561160933847
0 0.8259187289554372 0.7496359247898421 0.06824159688887978 0.03129550940126976
3 0.7841913830870775 0.6416229513701821 0.02651425102052026 0.04911656336588191
3 0.9771803577282415 0.7515918941274228 0.04563928454351698 0.024775611609338628
2 0.6016342449130042 0.8856844587148065 0.041292686015564135 0.01651707440622565
3 0.5364352669936923 0.981961616108991 0.0795427530615607 0.036076767782018286
11 0.48884001311259423 0.9230652060552118 0.022602312345361485 0.03998870645717797
3 0.6694411819490891 0.7446373364826954 0.07258819541683248 0.024775611609338614
3 0.5596895691182471 0.7522438839066146 0.1260513573106688 0.02781823057890639
0 0.8417838135824698 0.7889726414678276 0.07128421585844773 0.030860849548475244
5 0.7944058896277696 0.8367852252753224 0.01651707440622565 0.02651425102052014
10 0.8630821463694448 0.819398831163506 0.028687550284497192 0.016951734259021033
1 0.8641687960014335 0.8530849697551506 0.02738357072611104 0.026948910873315652
7 0.8917696966539422 0.8165735421203357 0.021732992639770646 0.02521027146213399
5 0.9208919067912349 0.7850607027926688 0.033903468518042185 0.021298332786975828
3 0.9808749664770019 0.8202681508690968 0.021732992639770646 0.018690373670202706
3 0.9945667518400576 0.8448264325520388 0.010866496319884553 0.02173299263977078
8 0.9906548131648991 0.8204854807954968 0.018690373670201953 0.048681903513086294
8 0.9567513446468564 0.908286771060168 0.02651425102052014 0.05042054292426784
3 0.9873948642689334 0.90828677106017 0.02521027146213339 0.06606829762490275
4 0.9669658511875489 0.7859300224982592 0.02694891087331552 0.026514251020520116
4 0.9434942191365963 0.7522438839066145 0.026948910873315524 0.026079591167724753
