11 0.180099272644419 0.5880580111228992 0.07781572136529463 0.03449562905884193
11 0.34335184272521746 0.5900635709519018 0.06738681025448186 0.03850674871684682
11 0.6289435623751648 0.5888602350545002 0.08022239316009758 0.03770452478524581
11 0.8467473598048295 0.5856513393280963 0.12113581367174735 0.03449562905884193
2 0.5739912230604979 0.8804686341914549 0.018451150426822476 0.07380460170728974
2 0.32730736409319794 0.8776608504308514 0.01925337435842337 0.07300237777568876
2 0.28358615982094476 0.9671088188043601 0.07621127350209267 0.024066717948029295
2 0.6281413384435638 0.967911042735961 0.07861794529689556 0.022462270084827284
5 0.09546464786051607 0.8904964333364669 0.04171564444325073 0.04733121196445759
5 0.42918980340652174 0.8856830897468609 0.033693405127241005 0.04572676410125559
5 0.47451545554197694 0.8780619623966516 0.03610007692204394 0.04652898803285658
5 0.8812429888636715 0.937426533335124 0.05054010769086147 0.03690230085364495
4 0.7970094760455688 0.9362231974377225 0.04733121196445759 0.05374900341726534
4 0.1524225470041853 0.9370254213693235 0.04813343589605852 0.052144555554063485
7 0.09386019999731411 0.8114773760737709 0.04171564444325072 0.04652898803285658
7 0.9418387649589296 0.8764575145334499 0.04251786837485171 0.048133435896058445
0 0.5122199803272227 0.8098729282105692 0.11471802221893951 0.05615567521206821
0 0.3878752709290716 0.8227085111161844 0.1147180222189395 0.054551227348866346
10 0.38867749486067255 0.9394320931641265 0.02968228546923611 0.04412231623805356
10 0.5122199803272227 0.9398332051299271 0.02968228546923611 0.044924540169654706
1 0.5531334008388725 0.939030981198326 0.03128673333243805 0.04652898803285658
1 0.3461596264858208 0.9394320931641265 0.032891181195639996 0.04572676410125572
9 0.07300237777568869 0.5876568991570988 0.14600475555137737 0.032088957264039035
9 0.06698569828868134 0.7813939786387348 0.020055598290024363 0.37142968033125046
9 0.10027799145012199 0.9217831666689048 0.06257346666487593 0.008824463247610768
9 0.12715249315875454 0.9430421008563308 0.010428911110812612 0.041715644443250675
9 0.15884033845699344 0.9683121547017614 0.18611595213142684 0.02166004615322609
9 0.04773232393025818 0.9217831666689048 0.03289118119563997 0.00882446324761076
9 0.03569896495624337 0.941437652993129 0.010428911110812612 0.041715644443250675
9 0.4199642281931106 0.9430421008563308 0.010428911110812612 0.041715644443250675
9 0.4825376948579864 0.941437652993129 0.010428911110812612 0.041715644443250675
9 0.4319975871671254 0.9217831666689048 0.03289118119563997 0.00882446324761076
9 0.4697021119523712 0.9217831666689048 0.03289118119563997 0.00882446324761076
9 0.03409451709304178 0.9675099307701603 0.06818903418608349 0.021660046153226073
9 0.45543785753883925 0.9690528954425025 0.27551436124970474 0.020178564671744646
9 0.8262906495490059 0.968312154701761 0.32409846836679257 0.02166004615322599
9 0.9398332051299273 0.9217831666689051 0.0577601230752712 0.012033358974014476
9 0.9133319461277101 0.9430421008563308 0.010428911110812612 0.041715644443250675
9 0.45125096152554856 0.782196202570336 0.020055598290024363 0.37142968033125046
9 0.9734987409977832 0.7781850829123311 0.020055598290024363 0.37142968033125046
9 0.03128673333243804 0.7801906427413335 0.06257346666487608 0.012835582905615501
9 0.3842652632368672 0.7938284495785506 0.12835582905615558 0.012835582905615501
9 0.3265051401615969 0.8178951675265793 0.012835582905615574 0.05776012307526934
9 0.5727878871630964 0.8134829359027748 0.012835582905615579 0.07621127350209035
9 0.5150277640878264 0.7793884188097333 0.12835582905615558 0.012835582905615501
9 0.5735901110946979 0.9370254213693253 0.012835582905615596 0.05695789914366644
9 0.3265051401615977 0.9354209735061235 0.012835582905615596 0.05695789914366644
5 0.043320092306452666 0.8808697461572552 0.030484509400837065 0.04412231623805371
0 0.026874501708632686 0.8110762641079701 0.05374900341726537 0.05374900341726534
9 0.2639316734967212 0.5884591230887016 0.09947576751852034 0.032088957264039014
9 0.48326666579705685 0.5884591230887063 0.22236253503853162 0.032088957264038986
9 0.725611546133084 0.5883361567069889 0.13076250085095514 0.02912599430107591
9 0.9492454016965485 0.5875954159662515 0.10150919660690265 0.030607475782557406
