6 0.06530500600222795 0.5479654447019228 0.1306100120044559 0.06828848343380185
6 0.276137411166782 0.5482969421943205 0.1412179317611634 0.06497350850983098
6 0.47603039908223144 0.5499544296563059 0.14320691671554595 0.06563650349462524
6 0.5817780991569054 0.44354373459683777 0.06563650349462524 0.14055493677636913
6 0.47603039908223144 0.3377960345221637 0.14320691671554595 0.06431051352503685
9 0.45149958464484624 0.28276745078424564 0.0822113781144801 0.027182794376561972
9 0.5824410941416995 0.22740736955393043 0.028508784346150402 0.03845370911806327
9 0.6086293960410695 0.23304282692468045 0.037127719148473994 0.028508784346150295
9 0.706421156298214 0.23204833444748982 0.051050613829152984 0.03049776930053295
9 0.8250972585763714 0.23304282692467826 0.18762758069676347 0.02718279437656171
9 0.7253165133648486 0.16177086605930519 0.01458588966547226 0.11801310729336656
9 0.7389079105531294 0.16143936856690808 0.012596904711089754 0.11735011230857237
9 0.8244342635915778 0.10143832244303162 0.18762758069676164 0.02519380942217904
9 0.703106181374242 0.10210131742782727 0.05900655364668508 0.027845789361356107
9 0.6981337189882858 0.13160459425116908 0.0464096489355947 0.009944924771912878
9 0.6795698594140488 0.1203336795096679 0.00928192978711908 0.020552844528620006
9 0.5950379988527892 0.10243281492022481 0.051050613829152984 0.028508784346150357
9 0.5824410941416996 0.11933918703247677 0.027182794376562014 0.017237869604649052
2 0.5827725916340967 0.16707482593765874 0.030497769300532974 0.08618934802324524
11 0.6467516076667366 0.10176981993543062 0.060332543616271786 0.031160764285327137
11 0.6533815575146784 0.2317168369550927 0.061658533585860084 0.032486754254915526
9 0.906186209651614 0.16707473616813628 0.02585680440697345 0.15779280638101725
