6 0.25781200000000004 0.866016 0.11093700000000001 0.253906
6 0.375 0.866406 0.10781299999999999 0.24531200000000003
3 0.22851600000000002 0.46054700000000004 0.028906299999999992 0.053906300000000004
9 0.0738281 0.807031 0.013281300000000001 0.090625
9 0.061076083441569125 0.35284823311686175 0.01222273311686181 0.2739915337662764
9 0.24684372711059815 0.4922569417207842 0.074937954221195 0.012361416558430885
2 0.135156 0.613672 0.1125 0.0195312
3 0.265234 0.46054700000000004 0.028906299999999992 0.053906300000000004
9 0.0390625 0.849219 0.078125 0.0140625
3 0.265234 0.33476600000000006 0.02734380000000001 0.053906300000000004
9 0.04179689999999999 0.6160592913960775 0.08046879999999998 0.014931782792153953
9 0.07460940000000002 0.8941409999999999 0.013281300000000001 0.0867188
9 0.24531199999999997 0.45703099999999997 0.0125 0.0671875
9 0.0734375 0.657422 0.0140625 0.0914062
2 0.17812499999999998 0.49218799999999996 0.06875000000000002 0.01875
2 0.314453 0.491406 0.06953119999999999 0.01875
2 0.0746094 0.733203 0.0195312 0.0726563
9 0.44492200000000026 0.7911354923701994 0.038281300000000004 0.4177290152596013
9 0.385156 0.492578 0.084375 0.013281300000000001
11 0.4449219999999999 0.323828 0.0429688 0.0851562
9 0.09031557353881699 0.4929689999999997 0.11936815292236634 0.012222733116861754
2 0.275 0.619141 0.07968749999999998 0.022656300000000004
11 0.444531 0.542188 0.0453125 0.0875
9 0.20098882516235367 0.8234188589286302 0.01833414967529265 0.3531622821427399
2 0.24648399999999998 0.394922 0.0179687 0.0742188
2 0.07460940000000002 0.9652340000000001 0.0210938 0.06953119999999999
9 0.24648400000000006 0.29023400000000005 0.013281300000000001 0.15078099999999997
11 0.32148399999999994 0.20039100000000004 0.0882813 0.0429688
9 0.44492200000000004 0.236719 0.0382813 0.103125
9 0.3714839999999999 0.618359 0.127344 0.0210938
3 0.130078 0.35546900000000003 0.0398437 0.046875
11 0.172656 0.20117199999999996 0.0859375 0.0445312
9 0.213672 0.6289059999999999 0.0460938 0.0453125
3 0.364062 0.266797 0.0390625 0.0460938
3 0.129688 0.442969 0.0390625 0.046875
3 0.129688 0.267188 0.0390625 0.046875
3 0.36289099999999996 0.44335899999999995 0.0398437 0.0445312
3 0.36289099999999996 0.35546900000000003 0.0398437 0.046875
9 0.412109 0.202734 0.0992187 0.0414063
9 0.44531200000000004 0.43203100000000005 0.0390625 0.14374999999999996
9 0.24765600000000002 0.20234399999999997 0.07968749999999998 0.040625
9 0.06757809999999999 0.201953 0.13515599999999997 0.0398437
8 0.4052086560111966 0.2664580922951254 0.0487538224031633 0.09290822759848118
8 0.40520865601119654 0.35660666956889897 0.0487538224031633 0.09290822759848118
8 0.4042887725696275 0.4449154799595344 0.0487538224031633 0.09290822759848118
8 0.22123196769737297 0.2807162856394467 0.046914055520025054 0.045994172078455936
8 0.08876875211141991 0.26829785917826354 0.04691405552002504 0.09106846071534273
8 0.08876875211141994 0.3575265530104681 0.04691405552002504 0.09106846071534273
8 0.08876875211141991 0.4458353634011034 0.04691405552002504 0.09106846071534273
