7 0.8218749999999997 0.27460899999999994 0.040625 0.047656199999999996
2 0.7392516909572366 0.08700293643585574 0.07930861808552563 0.019744227128288494
9 0.563672 0.21289100000000002 0.010156199999999999 0.06484380000000001
11 0.251172 0.09921869999999998 0.0335938 0.0734375
9 0.917969 0.103906 0.017187500000000005 0.053125
2 0.647656 0.18388965452138137 0.065625 0.01740042712828841
9 0.6839839999999999 0.18428065452138143 0.024218699999999992 0.013494127128288427
11 0.24999999999999986 0.28780710427359624 0.03437499999999999 0.10563649145280803
2 0.588281 0.08828130000000002 0.0671875 0.0203125
9 0.786328 0.0847656 0.0367187 0.0195312
9 0.4886507760683989 0.054443667521206836 0.010072404273595832 0.10888733504241367
9 0.374609 0.17773399999999998 0.22265600000000002 0.01003035641039438
9 0.855469 0.14570300000000003 0.010937499999999998 0.04921880000000001
9 0.8183590000000003 0.07854703589740147 0.04296879999999999 0.006968328205197085
9 0.647266 0.0890625 0.0664062 0.0140625
9 0.6910159999999999 0.204688 0.011718799999999998 0.05000000000000002
9 0.8581504401709975 0.12069288803419957 0.13661388034199476 0.014738880341995155
9 0.5886719999999999 0.18398399999999998 0.053906300000000004 0.010156199999999999
9 0.738672 0.2261720000000002 0.102344 0.010072404273596151
9 0.6906249999999998 0.08612689095723716 0.02812499999999999 0.01993361808552565
9 0.5836354478632021 0.24102611196580043 0.04679110427359665 0.01013527606839902
9 0.6847660000000001 0.0425781 0.0195312 0.0851562
9 0.605891335897402 0.32437567948700724 0.011697776068399475 0.29093935897401413
11 0.708594 0.4801305598290027 0.07812499999999999 0.036613880341995225
9 0.36531551851851846 0.48077848148148145 0.2459319629629629 0.03063083703703712
2 0.4886932239316012 0.13676044786320188 0.013197304273596569 0.06866610427359611
9 0.8101559999999999 0.4796880000000001 0.140625 0.0328125
11 0.9089839999999999 0.48046900000000003 0.07578119999999999 0.0375
9 0.8289176180855258 0.16562500000000002 0.06096103617105093 0.010937499999999998
9 0.25 0.416797 0.03125 0.157031
9 0.250391 0.18320299999999995 0.027343799999999994 0.11171900000000001
9 0.7956627407407407 0.28007799999999994 0.018049718518518512 0.3867189999999999
9 0.24921900000000005 0.0335938 0.0296875 0.065625
9 0.9453119999999999 0.08516671196580053 0.07187499999999998 0.020249628205197077
11 0.521484 0.47851600000000005 0.06328130000000001 0.0398437
9 0.9695309999999999 0.4796880000000001 0.0609375 0.0328125
9 0.5234380000000001 0.0882707880341995 0.07500000000000004 0.010832580341995105
9 0.611328 0.4796880000000001 0.13671900000000003 0.0328125
5 0.5792054700376825 0.32760819806754826 0.03979832924672448 0.04368109307567309
5 0.8238195912614521 0.19316750049019887 0.03979832924672435 0.040769020203961566
4 0.5784313239436873 0.26633834529152384 0.052144555554063485 0.04652898803285658
4 0.9041342401736838 0.15121921110678402 0.047331211964457616 0.04893565982765979
7 0.58043688377269 0.41555199656930525 0.04171564444325077 0.04492454016965464
0 0.5206712008684173 0.04171564444325072 0.05374900341726534 0.08343128888650143
1 0.6546425974457801 0.0681890341860829 0.04733121196445751 0.03048450940083707
10 0.6550437094115804 0.0292811735034356 0.04332009230645254 0.02968228546923609
9 0.48898335557017875 0.1748848170890126 0.009626687179211705 0.01604447863201953
