9 0.20682989690721648 0.09913563875517212 0.21262886597938138 0.020436225963952413
9 0.021262886597938135 0.09968674584449592 0.04252577319587627 0.02043622596395251
9 0.11569850285816678 0.1368535400869046 0.014425603832769356 0.07987560705461359
9 0.20714407429496462 0.12567095509925874 0.01171508903467664 0.04899037232682968
9 0.22045667547073353 0.14537360483939676 0.03834029138621452 0.009585072846553602
9 0.416950668825083 0.09904575274772089 0.03301525091590691 0.019170145693107255
9 0.41893556036071344 0.12104811109178179 0.0162653707159074 0.055137025185476994
9 0.36198219509173035 0.14242083529925811 0.12310328302630678 0.015490611926830879
9 0.3019297946664394 0.11998310299772019 0.018105137599045723 0.05610604415366085
9 0.19596148930731838 0.49477126289878826 0.08307063133679807 0.030735228313352875
9 0.2784996165970854 0.494656887688834 0.08626565561898246 0.030048977053629827
9 0.23834412609104064 0.2982022663372243 0.017475503462461513 0.3940529948027607
9 0.44410837522365165 0.49363125159751214 0.1299309874755048 0.030885234727783994
9 0.5884169719689869 0.4936312515975121 0.08626565561898268 0.03301525091590698
9 0.6342123200136319 0.528776518701542 0.02875521853966091 0.10117576893584396
9 0.7955610462639519 0.5649867938996338 0.3535826872284232 0.02449518616341489
9 0.9733960978103435 0.09904575274772086 0.05320780437931323 0.023430178069353335
9 0.9622348129845788 0.542621623924342 0.020235153787169134 0.07348555849024446
9 0.8332938303959194 0.4686035613870657 0.01795513118461683 0.20235153787168753
9 0.9723523898781627 0.2354884866404558 0.019170145693106832 0.27452869256214907
9 0.8967556781447237 0.3774002446923147 0.13628331015002149 0.018395386904030607
9 0.9744589792666547 0.44132529809931337 0.017377232409233095 0.1376271579123061
9 0.9865434151354144 0.49576126778563534 0.026913169729171047 0.03088523472778391
9 0.8303892143723377 0.10330578512396697 0.027056012454309955 0.02769021044559932
9 0.8360313538382891 0.16401124648547327 0.03834029138621439 0.02343017806935334
9 0.8433412858442274 0.13414302528881206 0.019460394998092257 0.07890658808642982
9 0.6965152935162306 0.16454375053250403 0.13206100366362789 0.022365169975291806
9 0.5722978668692488 0.09858581102693632 0.14213058599427283 0.02067052774464595
9 0.5156336099415729 0.1373860441339354 0.012440712297138758 0.07455056658430605
9 0.5154639175257733 0.2646545113742868 0.014910113316861867 0.08200562324273715
9 0.5738856154864636 0.29965465382582324 0.12597844952464282 0.00987532215153847
9 0.6398521775522318 0.3258924767828234 0.021735535838707905 0.30672233108971647
9 0.7007764668561538 0.10277328107693631 0.11714860841941559 0.028755218539660943
9 0.6420547560666006 0.13259350771065856 0.024010676679323023 0.0628354775496294
9 0.6054571014739711 0.127268467240351 0.009585072846553647 0.04579534804464514
9 0.6177046945556782 0.1464386129334583 0.03408025900996827 0.009585072846553654
2 0.5138664053846809 0.20128652977762632 0.015975121410922666 0.06816051801993694
9 0.324827468688762 0.0937207122774133 0.03834029138621455 0.010650080940615139
2 0.3706228167334071 0.0947857203714748 0.07029053420806 0.014910113316861213
9 0.11693320336802814 0.26412200732725555 0.015345487274338493 0.07881059896055205
9 0.17536352388891896 0.29873477038425494 0.12852659454984378 0.011715089034676667
9 0.05271790065604495 0.4944675092716657 0.1054358013120899 0.031342735567599526
11 0.3498551588992076 0.49150123540938906 0.0713555423021215 0.030885234727783924
11 0.5277115106074806 0.4936312515975121 0.05644542898526025 0.03514526710402996
6 0.6921008586331926 0.3563705155270293 0.09304308312743208 0.18875704877579316
0 0.5770023256621195 0.2701246764970869 0.10909494823271759 0.052475645913998906
5 0.616639686461617 0.21779415523557977 0.03408025900996847 0.047925364232768136
10 0.610249637897248 0.17040129504984236 0.04686035613870667 0.03408025900996847
1 0.5360864507074805 0.13046349152253559 0.03204623194772337 0.045795348044645134
5 0.2667845275624095 0.22311919570588734 0.041535315668399096 0.047925364232768136
7 0.26535670783711696 0.3027771157817624 0.04439095511898424 0.04836073819024542
4 0.3951180028968221 0.17003848341861155 0.0474408547486765 0.0475859794011688
10 0.20980659453011838 0.16933628695578087 0.04260032376246059 0.03408025900996851
5 0.21513163500042598 0.21353412285933365 0.029820226633722382 0.04579534804464513
0 0.1776242903890515 0.2695392538316624 0.10483491585647163 0.0551960088230003
2 0.11555337820567434 0.19968901763653388 0.02023515378716879 0.06496549373775239
1 0.13632103603987386 0.12833347533441253 0.03408025900996847 0.047925364232768136
2 0.0729530544432137 0.0979807446536594 0.07987560705461356 0.023430178069353245
2 0.7891709976995824 0.16560875862656552 0.07455056658430605 0.02662520235153788
2 0.7886384936525518 0.10224077702990542 0.07561557467836753 0.031950242821845415
2 0.9185694811280564 0.10170827298287467 0.07774559086649054 0.02662520235153788
11 0.12833347533441253 0.49309874755048133 0.06283547754962937 0.03408025900996847
9 0.26997955184459405 0.14537360483939682 0.05644542898526025 0.009585072846553647
9 0.9882849109653229 0.1453736048393967 0.02343017806935299 0.011715089034676647
6 0.786174932707267 0.3660001451566589 0.0974875275718764 0.20801630803505236
2 0.4644509277734572 0.0984652541377514 0.0776496017406127 0.024108947732552247
9 0.9597408442015488 0.43948553121617523 0.015537465526095069 0.13762715791230606
9 0.8635886440362367 0.09954262559027438 0.042108650589077375 0.020163891378215767
