11 0.549609 0.9894529999999999 0.0960938 0.0210938
8 0.4792970000000001 0.864844 0.142969 0.0703125
2 0.6765620000000001 0.475 0.101562 0.0296875
9 0.39843799999999996 0.7297330465116281 0.01875 0.49834690697674466
2 0.7339839999999999 0.603906 0.0210938 0.09531249999999998
9 0.676562 0.990625 0.16718699999999997 0.0171875
9 0.483594 0.521484 0.0140625 0.0867188
0 0.8183589999999998 0.691406 0.144531 0.0765625
11 0.792188 0.9878910000000001 0.0796875 0.024218699999999992
9 0.8652339999999998 0.991016 0.0804688 0.0164062
9 0.45429699999999995 0.991016 0.102344 0.0179687
9 0.7343749999999999 0.6902490155038759 0.017187499999999994 0.09456153100775165
9 0.854688 0.511328 0.012500000000000002 0.0570313
9 0.733203 0.522266 0.0164062 0.0835937
9 0.816797 0.7316410000000001 0.18046900000000002 0.013281300000000001
9 0.8785160000000001 0.536719 0.05234369999999999 0.012500000000000002
9 0.8136720000000001 0.474609 0.185156 0.0257812
9 0.445703 0.555859 0.0820312 0.013281300000000001
9 0.5089539689922481 0.47539099999999984 0.2414670620155039 0.0257812
7 0.4366925064599482 0.7034883720930233 0.05684754521963824 0.060723514211886306
5 0.4360465116279071 0.5878552971576227 0.05297157622739018 0.04909560723514212
4 0.589147286821706 0.5193798449612406 0.06201550387596901 0.0645994832041347
1 0.7603359173126613 0.5129198966408268 0.040051679586563305 0.059431524547803614
10 0.8165374677002581 0.5142118863049098 0.041343669250646024 0.05943152454780389
5 0.8824289405684751 0.6001291989664084 0.043927648578811464 0.06072351421188629
3 0.6705426356589147 0.8908268733850132 0.09043927648578814 0.1434108527131783
3 0.5129198966408269 0.8171834625322998 0.05167958656330749 0.029715762273901807
3 0.458656330749354 0.8171834625322998 0.05426356589147287 0.029715762273901807
3 0.46059431524547806 0.9127906976744187 0.05297157622739018 0.02454780361757106
3 0.5135658914728682 0.9121447028423774 0.05297157622739018 0.023255813953488372
8 0.7493540051679589 0.8733850129198967 0.059431524547803614 0.062015503875969
