9 0.2982730858604381 0.6333820835581355 0.01176940788368117 0.21136083288371793
2 0.55 0.0324219 0.01875 0.0648438
3 0.11597735576158097 0.7119488654305064 0.03569201933785688 0.0402871156293875
2 0.18867199999999998 0.8347660000000002 0.06953119999999999 0.0179687
2 0.5625000000000001 0.377344 0.017187500000000005 0.06406249999999998
9 0.5029188679598965 0.8354707115231521 0.20666326408019092 0.011871876953672493
2 0.053263860197718345 0.5324088097034191 0.06267409802281529 0.016380319406844823
2 0.8312753805931546 0.8351559999999971 0.0629000572319408 0.018749999999999947
9 0.59614576118631 0.5347659999999992 0.07354102237262229 0.011718799999999991
9 0.4484379999999998 0.33985982336121334 0.012499999999999957 0.010904653277571445
9 0.7010153744791002 0.8349044601977151 0.0489057489582022 0.011441079604562419
2 0.683203 0.6839839999999998 0.08359369999999998 0.022656300000000004
9 0.01171879999999999 0.5328241335588322 0.02343749999999998 0.010862171696022372
9 0.981654875130036 0.21216667150113697 0.03669024973992822 0.02492828238783859
9 0.981601629110264 0.6137946368365033 0.03679674177946699 0.04689391446388384
2 0.44726600000000005 0.3763490310874513 0.017968700000000008 0.06761343782509666
9 0.5051224950570378 0.5347528097034198 0.11319180988592198 0.011692919406844735
9 0.5256660672847443 0.9187499999999987 0.018979665430509614 0.16249999999999976
9 0.09277449112658105 0.8355856442384139 0.13320081774683604 0.011948365430509948
9 0.0624697133773979 0.6773439999999975 0.09837682675479592 0.025611828928162526
9 0.8866022873307989 0.664175079604561 0.22679542533839622 0.05546869999999984
9 0.9195310000000001 0.9179689999999999 0.012499999999999995 0.1625
9 0.725391 0.9132809999999999 0.011718800000000003 0.1625
9 0.798047 0.0175781 0.05859380000000001 0.0351562
3 0.04808732190913173 0.7112441539073427 0.03380714103397918 0.040287115629387485
9 0.024312547549132556 0.8925314927175961 0.028893172449693815 0.1106397091366284
9 0.09372663258071386 0.9418612993390202 0.11980095893775415 0.011980095893775373
9 0.14798941986428502 0.9686403372192313 0.012684807416938724 0.06271932556152908
9 0.01691307655591836 0.9503178376169886 0.012684807416938775 0.011980095893774094
9 0.01973192264857142 0.7188201022578556 0.018322499602244902 0.059195767945713136
9 0.019731922648571435 0.8308692344408144 0.02114134569489797 0.014094230463266733
2 0.019027211125408214 0.7861200527199484 0.022550768741224546 0.08386067125642876
9 0.27065649250977347 0.836345878487635 0.1084205980050597 0.010427896932047778
9 0.29844533005964335 0.7455991401380601 0.011980095893775557 0.012684807416938736
5 0.48554623945949094 0.9548984625175507 0.02959788397285717 0.03382615311183667
9 0.12521733676041522 0.6736036719125024 0.03335599245626283 0.03600329344485505
9 0.14824885536116586 0.6391887590608011 0.024355169095048635 0.20543055671476082
9 0.15232569888360004 0.5327672593193886 0.14327192950261425 0.011450459209324167
9 0.22660896462349991 0.7381978160341511 0.13765965140679903 0.011648124349805902
10 0.17657497593910562 0.7040476332813137 0.03229707206082591 0.022766788501893617
10 0.08021321995434634 0.6460717416311426 0.023825708897330596 0.04235681581747655
5 0.11912854448665298 0.5843896285969421 0.03388545265398128 0.05241655957412731
5 0.17366294485165412 0.5727415042471361 0.024355169095049062 0.03441491285169978
9 0.007677172866917614 0.6068916869999745 0.012177584547524482 0.14718993496573074
9 0.007412442768058394 0.6855165263611614 0.014824885536116788 0.01641326612927209
9 0.18954675078320782 0.6116568287794428 0.06777090530796258 0.01164812434980609
9 0.28987945825085554 0.6116568287794428 0.0174721865247091 0.01164812434980609
9 0.2919972990417294 0.5330319894182517 0.02382570889733057 0.01323650494296143
2 0.2522877842128449 0.5325025292205308 0.059829002342185876 0.014295425338398312
2 0.2528172444105635 0.6119215588782992 0.059829002342185876 0.014295425338398312
2 0.2986155515132101 0.7863786940265336 0.01694272632699064 0.08153687044864256
2 0.6417057596347704 0.8358673387072757 0.08153687044864266 0.01588380593155365
3 0.7857189334141911 0.9197867800456538 0.038121134235728875 0.04394519641063182
3 0.7854542033153317 0.9872929552547567 0.03653275364257348 0.025414089490486572
9 0.7629622176121597 0.834904460197711 0.07855552003043609 0.011441079604562351
9 0.8900326650645894 0.8354339203954266 0.06055387330800942 0.01144107960456233
9 0.9509205878022117 0.8354339203954256 0.0637306344943205 0.011441079604562317
9 0.948377630722448 0.84883911355138 0.0079419029657769 0.024884629292767132
9 0.9338174752851925 0.8570457466160144 0.03494437304941892 0.007412442768058477
9 0.75962507023582 0.6741172483042892 0.0349443730494182 0.03547383324713663
9 0.7339462506464747 0.6855006425552344 0.023825708897331058 0.01270704474524299
9 0.6284742495263059 0.6855006425552302 0.03569267679552624 0.012707044745242953
9 0.5924709560814512 0.6863442491369317 0.03737283048962055 0.00890199079097279
9 0.6288484013993612 0.644996937429774 0.010589203954369105 0.07783064906461332
9 0.5383107075895037 0.6510857297035344 0.17789862643340293 0.008471363163495137
9 0.609787834281496 0.668557916228245 0.007412442768058351 0.03282653225854381
9 0.5031016044412273 0.6735877881065708 0.032297072060825945 0.032297072060825945
9 0.4694808818861048 0.6868242930495306 0.040238975026603487 0.00900082336121373
2 0.5491646416427329 0.6862948328518121 0.05559332076043882 0.011118664152087582
9 0.44830247397736706 0.8213071832700206 0.010589203954369172 0.025943549688204445
2 0.4483024739773671 0.7606839906312571 0.013765965140679926 0.10271527835738063
9 0.44856720407621736 0.6179984559462871 0.011118664152087432 0.18960414426864172
9 0.6283189412016426 0.538575437688364 0.012707044745243009 0.018531106920145944
2 0.6272600208062041 0.5764318418252335 0.01588380593155367 0.06353522372621413
9 0.4492449131293054 0.436117829960539 0.009763246045928198 0.05931366108307265
2 0.44750828368078943 0.49277713058571754 0.015354345733835269 0.06565306451708873
2 0.5629306067834132 0.4938360509811545 0.014295425338398348 0.06882982570339942
9 0.5631953368822696 0.4358036835765597 0.011648124349806048 0.05676519266472082
9 0.5044252549355235 0.434801238935546 0.11436340270718696 0.011118664152087591
5 0.8506922242433949 0.3715307453081907 0.028590850676796554 0.03388545265398128
9 0.79721674427383 0.5007190335514927 0.05400494016728361 0.37909350156641436
9 0.5634600669811316 0.33791002275306864 0.01217758454752444 0.016413266129272252
9 0.5057489054298199 0.3349979916656164 0.11383394250946799 0.011648124349805953
9 0.4484379999999996 0.3266233184182516 0.012499999999999947 0.018317096045630213
2 0.4477730137796486 0.260873563985033 0.013765965140679926 0.12177584547524525
9 0.5020426840457906 0.184366565414716 0.1117161017185946 0.011118664152087596
9 0.44830247397736545 0.17292669540934566 0.012707044745242913 0.06448119261280537
3 0.4702750721826831 0.1586877458253708 0.03441491285169971 0.03706221384029206
9 0.5512824824336071 0.16504126819799225 0.012177584547524512 0.048710338190098124
9 0.8432994721438467 0.33081410981852777 0.044194611545094346 0.007438696992738635
9 0.8614586442143559 0.3417533701019672 0.007001126581401108 0.027566935914267125
9 0.8472376058458849 0.3522550599740686 0.034568062495668045 0.006563556170063568
9 0.8336729230944191 0.4955593696871227 0.007438696992738668 0.2922970347734953
3 0.4784552322374332 0.4598097087085945 0.03552677926690846 0.03669159170188917
3 0.4790376384549236 0.4091403677869383 0.034361966831927875 0.03785640413686974
9 0.9106006456152371 0.1726834434858745 0.17879870876952442 0.056493403096559126
9 0.9816542041490548 0.13337102380527918 0.036691591701890056 0.025625873569573288
9 0.7987786518571001 0.17268344348587497 0.054163778226598194 0.13453583624026005
9 0.7463620922829729 0.19597969218548708 0.008736093262354479 0.08677852640605518
9 0.7600486383939945 0.2355833149748275 0.03610918548439973 0.006406468392393815
9 0.8439151337125985 0.22480879995125708 0.04193324765930179 0.008153687044864263
9 0.8616785233460521 0.21345187871019597 0.007571280827373964 0.029702717092005143
9 0.8436239306038535 0.1199756808030025 0.04251565387679217 0.008153687044864246
9 0.8613873202373058 0.13395343002276966 0.0069888746098835785 0.03377956061443735
9 0.7603398415027397 0.15550246006991056 0.03436196683192652 0.008153687044864239
9 0.44850719858715155 0.06884747437665667 0.01039153881388746 0.02421397970899063
9 0.49854824674084874 0.0695975429900911 0.09784424453837108 0.00990090569733514
9 0.5515472125324652 0.07003523008687185 0.011648124349806133 0.021838468288560616
2 0.550964806314976 0.11036597821441249 0.015142561654747881 0.06581190257640429
2 0.4475877027104471 0.11036597821441249 0.015724967872238208 0.06581190257640429
3 0.23470970564859225 0.2877086714402099 0.025625873569573323 0.20034773881666443
3 0.20879262897027373 0.2877086714402099 0.022713842482121823 0.20034773881666443
3 0.022713842482121827 0.2885822807664453 0.023296248699612138 0.1997653325991741
2 0.44797274355493494 0.03047219924602293 0.016335611966940077 0.06094439849204586
3 0.18063417078828045 0.03329951670183953 0.04083902991735038 0.03769756607755418
3 0.19791222190715946 0.12691513912776575 0.03518439500571724 0.03644098054163572
2 0.3618384029468714 0.8365137063003385 0.0798245961692214 0.017485387732305575
