11 0.20031531572076353 0.4487239561410055 0.06353613538279722 0.03265051401615966
11 0.04015130777662881 0.4487239561410054 0.07500793760469118 0.03618029931520403
11 0.42269178956055387 0.45093007195290824 0.11824780751798374 0.03706274563996505
11 0.6031520629741932 0.4469590634914833 0.08206750820277971 0.03794519196472614
2 0.14163263512415214 0.055594118459947585 0.07853772290373545 0.026473389742832185
2 0.5272616790447411 0.055594118459947585 0.08206750820277979 0.02294360444378789
2 0.8948005733077277 0.05427044897280598 0.07765527657897446 0.02206115811902682
2 0.686984463826495 0.1553105531579488 0.01676648017046045 0.06706592068184153
2 0.1866373976869669 0.15310443734604612 0.01500158752093823 0.06971325965612472
4 0.4169558884496068 0.12133636965464749 0.048534547861859026 0.05206433316090328
5 0.3379769423834908 0.24620252460833927 0.04588720888757578 0.04765210153709793
1 0.2073748863188521 0.08471484717706299 0.031768067691398644 0.047652101537097924
1 0.7134578535693273 0.10280499683466497 0.046769655212336975 0.03088562136663755
0 0.7734642036530803 0.21531690324170172 0.060888796408514016 0.0617712427332751
0 0.24796741725786145 0.21840546537836553 0.11471802221893944 0.05559411845994757
5 0.2872362787097292 0.15266321418366557 0.03265051401615966 0.045887208887575796
5 0.7871421216868771 0.15354566050842666 0.03353296034092076 0.04588720888757578
10 0.7743466499778414 0.08427362401468244 0.030885621366637625 0.04676965521233685
10 0.2506147562321447 0.08339117768992138 0.0300031750418765 0.04500476256281469
5 0.33797694238349085 0.16766480170460382 0.04059253093900938 0.03529785299044292
9 0.7977314775840096 0.4496064024657665 0.33179981811016335 0.03088562136663755
9 0.5224082242585542 0.4504888487905256 0.10059888102276386 0.030885621366637406
9 0.2991493040940033 0.4487239561410029 0.14825098255986086 0.030885621366637406
9 0.12177759281702792 0.44960640246576505 0.10589355897132885 0.030885621366637462
9 0.30885621366636956 0.24576130144595554 0.01941381914474321 0.3891588292196311
9 0.8092032798058976 0.24929108674499978 0.01941381914474321 0.3891588292196311
9 0.9495122454429078 0.25193842571928265 0.021178711794266142 0.38915882921963046
9 0.07500793760469118 0.055594118459947585 0.07412549127993011 0.02294360444378789
9 0.04721087837471739 0.07544916076707173 0.016766480170460382 0.050299440511381154
9 0.027797059229973733 0.09221564093753175 0.05559411845994747 0.018531372819982482
9 0.24620252460833889 0.05471167213518635 0.14472119726081525 0.022943604443787843
9 0.45887208887575776 0.05515289529756704 0.07236059863040792 0.020296265469504672
9 0.7116929609198037 0.05559411845994741 0.3097386599911339 0.021178711794265722
9 0.9624018741747993 0.0555941184599471 0.0751962516503941 0.021178711794265625
9 0.4323986991329251 0.0758903839294521 0.01764892649522183 0.04588720888757575
9 0.3785694733224987 0.09221564093753147 0.1253073781160711 0.016766480170460295
9 0.6931615880998229 0.2329658297369232 0.02735583606759326 0.04235742358853149
9 0.3688625637501283 0.11824780751798372 0.010589355897132882 0.04941699418662008
9 0.3415067276825345 0.13677918033796577 0.05647656478470948 0.010589355897132837
9 0.2890011713592499 0.10148132734752217 0.032650514016159315 0.010589355897132802
9 0.2788530386244985 0.08250873136516024 0.010589355897132873 0.046769655212336884
9 0.661834743570804 0.08339117768992128 0.010589355897132875 0.046769655212336884
9 0.7306655569021653 0.07412549127992996 0.010589355897132861 0.028238282392354503
9 0.689190579638393 0.07942016922849625 0.010589355897135229 0.044122316238053995
9 0.711251737757424 0.08692096298896555 0.049416994186621 0.011471802221893937
9 0.6737477689550789 0.1010401041851428 0.03971008461424825 0.00970690957237179
9 0.6861020175017336 0.19766797674648 0.013236694871416758 0.031768067691398574
9 0.6861020175017337 0.11471802221893918 0.013236694871416758 0.031768067691398574
9 0.7527267150211927 0.24752619409547907 0.10236377367228831 0.009706909572371716
9 0.2431139624716723 0.24752619409547846 0.12442493179131386 0.009706909572371691
9 0.18575495136220407 0.21575812640408124 0.011471802221894034 0.07500793760469032
9 0.18663739768696463 0.09353931042467258 0.011471802221894012 0.06883081333136289
