5 0.4253910000000001 0.8820309999999999 0.0398437 0.0609375
9 0.7152339999999999 0.8438699896640826 0.07734369999999999 0.013822220671834464
9 0.396875 0.754297 0.0203125 0.491406
2 0.5738279999999999 0.8978959793281655 0.0210938 0.09014454134366927
9 0.5738280000000001 0.808203 0.0179687 0.100781
0 0.4804689999999999 0.805859 0.15 0.0742188
9 0.422266 0.949219 0.0398437 0.010937499999999998
9 0.5734380000000001 0.967188 0.015625 0.065625
9 0.49052002583979337 0.7656249999999993 0.1810400516795866 0.014062499999999993
9 0.7463339793281653 0.683594 0.016166020671834775 0.3328119999999998
9 0.437891 0.973047 0.011718799999999998 0.0539063
11 0.9175780000000002 0.503125 0.157031 0.0484375
9 0.7632810000000001 0.5046869999999999 0.170312 0.04218750000000001
11 0.633984 0.507812 0.102344 0.053125
9 0.49023399999999995 0.5050779999999999 0.202344 0.04140630000000001
3 0.5006459948320413 0.636950904392765 0.1925064599483204 0.15503875968992248
8 0.42571059431524544 0.7299741602067183 0.037467700258397935 0.03875968992248062
8 0.4237726098191215 0.5458656330749355 0.038759689922480633 0.04521963824289406
3 0.7138242894056845 0.6001291989664083 0.06330749354005166 0.09689922480620158
3 0.7151162790697673 0.6944444444444445 0.06330749354005166 0.09689922480620158
3 0.71640826873385 0.7848837209302326 0.06330749354005166 0.09689922480620158
10 0.4819121447028427 0.9715762273901806 0.04134366925064606 0.056847545219638536
1 0.5394056847545218 0.9702842377260982 0.042635658914728654 0.059431524547803774
3 0.7764857881136943 0.9696382428940568 0.09819121447028424 0.060723514211886445
4 0.8540051679586561 0.9670542635658913 0.06201550387596898 0.06589147286821713
5 0.9683462532299743 0.9715762273901811 0.060723514211886286 0.05426356589147242
3 0.8604651162790694 0.7286821705426358 0.051679586563307484 0.0310077519379845
3 0.8094315245478038 0.7280361757105943 0.05555555555555555 0.032299741602067174
3 0.8617571059431522 0.8210594315245479 0.05426356589147287 0.029715762273901807
3 0.8074935400516793 0.8223514211886305 0.05426356589147287 0.029715762273901807
8 0.8288113695090442 0.7758397932816535 0.1434108527131783 0.07622739018087855
8 0.9664082687338502 0.6285529715762274 0.062015503875969 0.060723514211886306
2 0.6369509043927649 0.8449612403100777 0.09043927648578814 0.01808785529715762
9 0.5897932816537468 0.8443152454780364 0.01937984496124031 0.01421188630490956
