8 0.7054689999999999 0.7839839999999999 0.146875 0.0726563
9 0.40664100000000014 0.605469 0.03671870000000002 0.20925387596899217
9 0.8231519741602069 0.8410159999999998 0.08807135167958675 0.014843700000000001
2 0.907812 0.841797 0.08749999999999998 0.022656300000000008
7 0.45195299999999994 0.8960940000000001 0.0554687 0.065625
9 0.7835940000000008 0.6844811085271314 0.015625000000000028 0.3236492170542635
2 0.991016 0.9113279999999999 0.0179687 0.0945313
9 0.4937500000000001 0.9757809999999999 0.012500000000000002 0.0484375
9 0.990234 0.815625 0.0179687 0.1125
3 0.4644530000000001 0.621094 0.0820312 0.18281199999999997
9 0.990234 0.974609 0.0164062 0.0476562
9 0.459375 0.9566410000000001 0.0828125 0.0148437
11 0.8906250000000001 0.514844 0.104687 0.05000000000000001
11 0.607422 0.512891 0.100781 0.0476562
9 0.746875 0.512109 0.19218800000000003 0.04140630000000001
9 0.47851600000000005 0.512891 0.174219 0.04140630000000001
9 0.966797 0.512891 0.0648438 0.04140630000000001
9 0.40664100000000014 0.8889131136950904 0.03671870000000002 0.22217377260981924
11 0.4076227390180877 0.744832041343669 0.042635658914728716 0.0788113695090439
3 0.8204134366925063 0.6027131782945737 0.05684754521963824 0.0994832041343669
3 0.8191214470284238 0.6963824289405686 0.059431524547803614 0.09560723514211926
3 0.8191214470284242 0.7881136950904392 0.059431524547803614 0.09819121447028419
9 0.9664082687338502 0.8417312661498707 0.038759689922480314 0.014211886304909556
5 0.5413436692506458 0.9754521963824287 0.059431524547803614 0.04909560723514242
4 0.6608527131782949 0.9702842377260982 0.06589147286821707 0.05943152454780375
8 0.5587855297157622 0.6414728682170544 0.060723514211886306 0.060723514211886306
3 0.6731266149870802 0.7364341085271316 0.05426356589147287 0.02842377260981912
3 0.7260981912144701 0.7357881136950902 0.05167958656330749 0.027131782945736434
3 0.6718346253229975 0.831395348837209 0.05684754521963823 0.024547803617570904
3 0.7248062015503878 0.8326873385012916 0.05684754521963823 0.024547803617570904
