11 0.07231647631416993 0.47660926000345555 0.06697767604936543 0.03882763828948723
11 0.29411936004286565 0.47855064191792995 0.0795966584934488 0.03300349254606411
11 0.47272649617450674 0.4775799509606927 0.06406560317765386 0.03494487446053849
11 0.6789983245874077 0.4785506419179299 0.07862596753621165 0.03688625637501286
11 0.8595468426335231 0.47757995096069267 0.06309491222041667 0.03688625637501286
2 0.05775611195561223 0.18248989996058992 0.014560364358557702 0.0737725127500257
2 0.024752619409548104 0.08445011327963473 0.04950523881909621 0.021355201059217958
2 0.3974979469886254 0.08590614971549046 0.07862596753621158 0.026208655845403873
2 0.23442186617277905 0.07571389466450006 0.07086043987831415 0.015531055315794885
2 0.4411790400642985 0.18248989996058987 0.016501746273032095 0.07183113083555134
2 0.7731553474394139 0.0839647678010161 0.08056734945068604 0.022325892016455143
2 0.8153804040792313 0.18200455448197128 0.017472437230269207 0.07086043987831415
2 0.9843747876613526 0.08590614971549047 0.03125042467729492 0.020384510101980783
5 0.5416455541383467 0.18200455448197128 0.031062110631589736 0.04562247499014746
5 0.15870797150827898 0.18200455448197128 0.03203280158882693 0.04756385690462182
5 0.2082132103273752 0.19316750049019887 0.03785694733225005 0.040769020203961566
5 0.5940628658291544 0.17132695395236233 0.03882763828948723 0.0397983292467244
5 0.9270098641615071 0.1781217906530226 0.033003492546064044 0.04562247499014746
7 0.5926068293932986 0.2567477581892341 0.04368109307567309 0.04756385690462183
7 0.20724251937013802 0.27519088637674066 0.04368109307567309 0.045622474990147495
0 0.11890964226155458 0.2470408486168624 0.11357084199675008 0.05532938456251929
0 0.5023325703702408 0.247526194095481 0.11551222391122451 0.05630007551975644
0 0.8770192798637924 0.24801153957409958 0.11551222391122458 0.057270766476993626
1 0.463019586602135 0.11502687843260587 0.031062110631589816 0.04562247499014746
1 0.8352795687025936 0.11357084199675009 0.032032801588827 0.04659316594738467
1 0.07716993110035585 0.11551222391122447 0.03397418350330131 0.04659316594738465
10 0.12133636965464754 0.11308549651813149 0.03106211063158977 0.04756385690462183
10 0.5052446432419524 0.11211480556089432 0.03203280158882693 0.043681093075673125
10 0.8775046253424111 0.1130854965181315 0.03106211063158967 0.04562247499014748
4 0.7076337078259044 0.11793895130431739 0.04659316594738465 0.049505238819096194
4 0.2882952142994425 0.1514277893290001 0.04659316594738465 0.048534547861859005
9 0.18006317256749704 0.47952133287516624 0.16016400794413477 0.0291207287171156
9 0.1800631725674966 0.2785883047270705 0.016501746273032025 0.386335000980398
9 0.11599756938984307 0.27810295924845196 0.1252191334835963 0.01261898244408334
9 0.05727076647699361 0.2465555031382438 0.011648291486846166 0.0718311308355513
9 0.1485157164572886 0.1130854965181315 0.009706909572371808 0.04562247499014748
9 0.16064935342275333 0.13104327922701928 0.03009141967435255 0.009706909572371808
9 0.21403735607079832 0.16598815368755765 0.06115353030594225 0.009706909572371808
9 0.6003723570511957 0.14560364358557684 0.06503629413489138 0.009706909572371804
9 0.5445576270100584 0.13201397018425634 0.031062110631590697 0.009706909572371797
9 0.9250684822470326 0.13201397018425629 0.04076902020396151 0.0097069095723718
9 0.24073135739482068 0.1470596800214328 0.009706909572371808 0.04562247499014748
9 0.532909335523212 0.11211480556089432 0.009706909572371808 0.04562247499014748
9 0.6280370493324549 0.11842429678293591 0.009706909572371808 0.056300075519756534
9 0.9066253540595254 0.11211480556089434 0.009706909572371806 0.045622474990147543
9 0.3863350009803977 0.48049202383240264 0.11842429678293608 0.029120728717115584
9 0.021840546537836583 0.4804920238324024 0.043681093075673166 0.029120728717115577
9 0.5722223192913174 0.47952133287516496 0.1446329526283399 0.029120728717115577
9 0.7716993110035579 0.4795213328751647 0.12230706061188465 0.029120728717115574
9 0.9182736455463728 0.47952133287516474 0.06600698509212947 0.02912072871711556
9 0.5644567916334199 0.27858830472707047 0.016501746273032025 0.386335000980398
9 0.9488504106993432 0.28150037759878205 0.016501746273032025 0.386335000980398
9 0.9609840476648049 0.4601075137304229 0.021355201059217576 0.20772786484875638
9 0.97855064191793 0.3635237634853232 0.04289871616414045 0.016501746273032056
9 0.05727076647699361 0.1213363696546476 0.011648291486846167 0.06406560317765386
9 0.44263507650015427 0.12327775156912196 0.011648291486846167 0.06406560317765386
9 0.8153804040792315 0.12133636965464759 0.011648291486846167 0.06406560317765386
9 0.44166438554291704 0.24558481218100656 0.011648291486846166 0.0718311308355513
9 0.8153804040792315 0.2465555031382438 0.011648291486846166 0.0718311308355513
9 0.498449806541292 0.2771322682912148 0.1252191334835963 0.01261898244408334
9 0.8779899708210293 0.27713226829121457 0.1310432792270194 0.012618982444083332
9 0.11745360582569887 0.08396476780101597 0.1417208797566284 0.020384510101980773
9 0.24849688505271827 0.12085102417602879 0.1261898244408334 0.018443128187506378
9 0.58532664721402 0.08396476780101571 0.31256248823037136 0.018443128187506378
9 0.30334092413661884 0.10192255050990394 0.016501746273032032 0.050475929776333396
9 0.33100561641787835 0.0844501132796346 0.06600698509212787 0.019413819144743615
9 0.8920649897009683 0.08493545875825309 0.16695884464479352 0.018443128187506375
