8 0.703516 0.6148440000000001 0.0445312 0.0484375
4 0.545703 0.34374999999999994 0.04921880000000001 0.05
0 0.18201023424922969 0.47592702664461745 0.11431518900923128 0.054859293227689586
9 0.253906 0.459375 0.01875 0.009375
9 0.5562500000000001 0.597266 0.009375 0.21640600000000002
9 0.13750000000000004 0.35820300000000005 0.03125 0.008593750000000002
3 0.49879635137384576 0.4839839999999991 0.0742817972523075 0.04609379999999993
3 0.35625 0.569531 0.046875 0.0703125
3 0.486328 0.34023400000000004 0.0726563 0.0460938
8 0.7382810000000001 0.4652339999999999 0.104687 0.055468699999999996
9 0.18398399999999987 0.5066301171246153 0.1289059999999999 0.010177265750769325
9 0.14999999999999997 0.339063 0.009375 0.046875
9 0.201562 0.313281 0.17656299999999997 0.015625
9 0.7367190000000001 0.338672 0.009375 0.0460938
9 0.7957030000000003 0.5070309999999999 0.0148437 0.39843799999999996
2 0.325781 0.313281 0.07968749999999998 0.021875
3 0.4156250000000001 0.34062500000000007 0.075 0.0453125
9 0.24218800000000001 0.3484369999999999 0.0125 0.06406249999999998
9 0.24218800000000001 0.47539100000000006 0.0125 0.0726563
9 0.763672 0.35820300000000005 0.061718800000000004 0.010156199999999999
7 0.697656 0.341406 0.0484375 0.040625
9 0.357422 0.45937499999999987 0.0679687 0.0109375
3 0.40234400000000003 0.6140620000000001 0.0375 0.0875
9 0.49609400000000003 0.45976600000000006 0.078125 0.0117188
2 0.42656200000000005 0.45976600000000006 0.06875000000000002 0.0179687
9 0.117188 0.510547 0.015625 0.403906
3 0.7144529999999999 0.43007799999999996 0.0414063 0.024218699999999992
2 0.292969 0.45898399999999995 0.0703125 0.0195312
9 0.5797502972523076 0.3132711171246149 0.4389364054953836 0.015645965750769247
2 0.24218800000000001 0.40820300000000004 0.017187500000000005 0.07109380000000001
3 0.754297 0.4300780000000001 0.0398437 0.022656300000000004
3 0.35625 0.4984370000000001 0.046875 0.075
3 0.766016 0.610937 0.055468699999999996 0.134375
3 0.754687 0.501172 0.040625 0.0210938
5 0.140625 0.407031 0.03125 0.046875
9 0.546875 0.478125 0.028125 0.0484375
3 0.5210940000000001 0.616797 0.07187499999999998 0.147656
9 0.3812499999999986 0.582675522619997 0.009417031501538435 0.24588700971384103
3 0.196484 0.6003910000000002 0.141406 0.11171900000000001
3 0.714844 0.5011720000000001 0.0390625 0.022656300000000004
5 0.6082029999999999 0.341406 0.0398437 0.040625
11 0.294922 0.708594 0.07734369999999999 0.0390625
11 0.6664060000000002 0.7113280000000001 0.132812 0.0398437
9 0.551172 0.7109379999999998 0.10859400000000001 0.0296875
11 0.4703129999999999 0.708594 0.0609375 0.0375
9 0.385547 0.7109380000000001 0.117969 0.03125
9 0.18632799999999997 0.710156 0.147656 0.03125
9 0.765625 0.7109380000000001 0.084375 0.03125
10 0.18055563419228524 0.33975641170970045 0.031169604218457662 0.046374289203071004
1 0.22198840077535692 0.3408967630835464 0.030409369969227024 0.04713452345230151
8 0.13760239911075237 0.5301950911419849 0.027368432972304336 0.03192983846768846
8 0.13760239911075234 0.6723588957481212 0.027368432972304336 0.03192983846768846
