8 0.8958380051679586 0.8265630000000002 0.14900905167958647 0.0703125
9 0.9761719999999999 0.753906 0.0210938 0.49218800000000007
9 0.3999999999999999 0.759766 0.021874999999999995 0.48046900000000003
9 0.661719 0.6859380000000002 0.0171875 0.32968800000000004
9 0.4826920103359173 0.8429689999999997 0.15961497932816535 0.01718749999999999
9 0.927734 0.510156 0.119531 0.040625
9 0.444922 0.5105470000000001 0.110156 0.0398437
11 0.796094 0.508984 0.154687 0.0476562
11 0.5404749793281651 0.5139420103359176 0.09717604134366915 0.04819722067183461
9 0.6539059999999999 0.5105469999999999 0.14531299999999997 0.0429688
9 0.6511627906976742 0.8430232558139527 0.025839793281653888 0.016795865633074926
2 0.5994832041343667 0.8430232558139531 0.08785529715762268 0.019379844961240015
8 0.4263565891472868 0.5562015503875969 0.03875968992248062 0.04263565891472867
8 0.4263565891472868 0.7441860465116281 0.03875968992248062 0.04134366925064601
8 0.8443152454780362 0.6614987080103361 0.060723514211886306 0.062015503875969
3 0.9276485788113695 0.6375968992248062 0.07493540051679587 0.18475452196382436
3 0.8636950904392766 0.7790697674418603 0.05555555555555555 0.02842377260981912
3 0.9179586563307496 0.7777777777777776 0.05555555555555555 0.02842377260981912
3 0.866279069767442 0.874677002583979 0.05555555555555555 0.02842377260981912
3 0.9192506459948322 0.874677002583979 0.05555555555555555 0.02842377260981912
7 0.9360465116279069 0.9593023255813954 0.05555555555555555 0.060723514211886306
3 0.4560723514211885 0.808139534883721 0.09560723514211883 0.05813953488372093
3 0.4567183462532301 0.8766149870801033 0.09431524547803617 0.05813953488372093
3 0.501937984496124 0.650516795865633 0.1925064599483204 0.15374677002583978
