9 0.24296729137544756 0.7519529999999962 0.027919095182197963 0.02421869999999986
9 0.24223799689217373 0.6003909999999961 0.02802300621565039 0.07109379999999958
2 0.17304700000000003 0.273828 0.09765620000000003 0.030468799999999997
9 0.23671899999999926 0.2757300031078253 0.037499999999999874 0.028023006215652152
9 0.12838452758363114 0.9246346441338066 0.2567690551672623 0.027293711732374347
9 0.24189970240890019 0.9023439999999967 0.027137895182197735 0.06874999999999967
9 0.2422379968921736 0.29619741103345143 0.026460506215650617 0.06583282206690541
9 0.06367184999999947 0.27593782517472965 0.12734369999999895 0.02875038344982085
9 0.24249041568847654 0.4485161072132724 0.029901073814218197 0.026254601397850047
11 0.2421257684468398 0.3828796037186472 0.03208895726403899 0.11668711732377818
11 0.2428550629301133 0.5141526107078976 0.03208895726403899 0.11668711732377818
11 0.2428550629301133 0.6891832866935649 0.03208895726403899 0.11668711732377818
11 0.2428550629301133 0.8189977047162681 0.03208895726403899 0.11668711732377818
5 0.16992561460275202 0.8927937109587788 0.026254601397850092 0.021878834498208325
