9 0.14375 0.524609 0.009375 0.0476562
8 0.149219 0.271484 0.109375 0.0585938
7 0.111328 0.39312404344400464 0.0429688 0.0487485868880092
9 0.45547481732452033 0.50585659133774 0.034362865350959365 0.008599817324520502
2 0.2972659999999999 0.5511661826754796 0.08359369999999995 0.018005203947122274
9 0.442578 0.525 0.00859375 0.0453125
5 0.452734 0.467969 0.0335938 0.0484375
2 0.3472660000000001 0.462891 0.0179687 0.0710938
9 0.16835900000000004 0.550781 0.183594 0.0140625
9 0.117188 0.5054690000000001 0.0640625 0.010937500000000003
9 0.3476560000000001 0.51875 0.012499999999999997 0.0578125
0 0.410937 0.40701936535095934 0.11562499999999998 0.05471176929808189
9 0.41438941809253604 0.5515620000000001 0.13372116381492893 0.014062499999999993
9 0.348047 0.401563 0.013281300000000001 0.0625
9 0.08242189999999995 0.3632382787283573 0.016406199999999996 0.38585255745671404
9 0.4074220000000001 0.3753909999999999 0.135156 0.011718800000000003
9 0.4742155913377396 0.3617097740132201 0.015631017324520415 0.3826605668869907
11 0.198047 0.165234 0.0773437 0.0382813
11 0.36328099999999997 0.16718699999999997 0.0640625 0.040625
9 0.43515599999999993 0.1652315913377398 0.09374999999999999 0.030474817324520467
9 0.12070299999999999 0.165625 0.0929687 0.0296875
9 0.284375 0.165625 0.10625 0.03125
3 0.28086604741818777 0.25018407681607613 0.06847188572511256 0.11068058240497641
3 0.1748753201998629 0.3069313245745598 0.03845681253054269 0.0215733338585971
3 0.12375589866536103 0.3069313245745598 0.039394783567873 0.0215733338585971
3 0.12375589866536106 0.23470755470012605 0.039394783567873 0.0215733338585971
3 0.1734683636438674 0.23564552573745634 0.039394783567873 0.0215733338585971
5 0.11201389660680135 0.47442116935205847 0.0395343164494593 0.044960595177816455
4 0.17015259726777093 0.5220949038940536 0.04573577785329606 0.05038687390617363
3 0.2279037065910007 0.5236452692450126 0.07596790219700025 0.0457357778532961
9 0.34229742927293466 0.5515620000000001 0.015893397142028774 0.014062499999999993
10 0.41084681800418493 0.5244204519204921 0.029456941668224636 0.04573577785329602
1 0.3685993621905472 0.5240328605827524 0.03178248969466337 0.04651096052877565
8 0.349607386641297 0.26705980366126697 0.04651096052877565 0.04573577785329606
