11 0.11551222391122445 0.6000753256182819 0.12424844252635908 0.036886256375012784
11 0.3227547432813624 0.6049287804044677 0.08056734945068594 0.04271040211843589
11 0.6683207240577985 0.6000753256182819 0.12327775156912187 0.036886256375012784
11 0.8784753162996481 0.6039580894472306 0.08347942232239744 0.04076902020396153
2 0.38973241933072783 0.8951653766183846 0.018443128187506392 0.0757138946645001
2 0.2674253587188432 0.9815568718124937 0.08056734945068594 0.023296582973692324
2 0.8148950586006127 0.9810715263338752 0.07668458562173729 0.022325892016455143
2 0.9473943742634877 0.8946800311397659 0.019413819144743726 0.07086043987831415
0 0.45331267702976313 0.8247902822186893 0.12036567869741037 0.05727076647699355
0 0.9761239145248368 0.824790282218689 0.0477521709503266 0.05921214839146792
1 0.9663228479296125 0.952921488573997 0.0359155654177756 0.04756385690462183
1 0.4091462384754715 0.9534068340526156 0.03591556541777567 0.048534547861859026
5 0.5003911884557664 0.8951653766183846 0.03591556541777567 0.044651784032910424
5 0.054844039083900696 0.9534068340526156 0.04756385690462183 0.04076902020396153
5 0.6129913394952794 0.9534068340526156 0.04562247499014746 0.03882763828948716
4 0.6988974892107699 0.9504947611809039 0.050475929776333264 0.05435869360528213
7 0.5508671182320998 0.8907972673108175 0.04562247499014753 0.051446620733570564
4 0.14269157071386554 0.9509801066595226 0.048534547861859026 0.055329384562519325
10 0.457195440858712 0.9538921795312342 0.03494487446053849 0.04950523881909621
9 0.028150037759878246 0.6015313620541383 0.05630007551975649 0.032032801588826786
9 0.22956841138659306 0.6020167075327572 0.11745360582569893 0.03106211063158953
9 0.4846527935515054 0.6024348363698336 0.25487704257644656 0.030225852957435632
9 0.7828622570117858 0.6020167075327579 0.12133636965464774 0.031062110631589496
9 0.9563189069243268 0.6029873984899947 0.08736218615134633 0.03106211063158951
9 0.5227170804722198 0.7966402444588119 0.01844312818750639 0.36595049087841586
9 0.5421308996169646 0.9833638204438842 0.47855064191792884 0.01968268571090979
9 0.11454153295398728 0.9815568718124937 0.22908306590797456 0.021355201059218093
9 0.023781928452310915 0.9548628704884713 0.010677600529608984 0.04756385690462183
9 0.012618982444083344 0.9354490513437278 0.025237964888166688 0.010677600529609046
9 0.5571766094541415 0.9359343968223461 0.05630007551975652 0.011648291486846232
9 0.5799878469492155 0.9543775250098534 0.008736218615134668 0.042710402118436915
9 0.49165496984063184 0.9543775250098534 0.008736218615134668 0.042710402118436915
9 0.503303261327478 0.9369050877795831 0.030091419674352915 0.011648291486846218
9 0.3892470738521092 0.8277023550904006 0.013589673401320532 0.07862596753621165
9 0.45137129511528884 0.7946988625443363 0.13395535209873097 0.012618982444083264
9 0.3892470738521092 0.9495240702236668 0.013589673401320546 0.0582414574342305
9 0.9464236833062507 0.8286730460476375 0.013589673401320532 0.07862596753621165
9 0.9713646167615031 0.7946988625443363 0.05727076647699359 0.012618982444083255
9 0.9464236833062497 0.93496370586511 0.013589673401320541 0.02912072871711365
9 0.8993451718802464 0.9531231384986221 0.08833287710858326 0.016905046122282334
9 0.9444823013917762 0.9708792712828845 0.013589673401320607 0.0427104021184359
9 0.9736971871317437 0.9830129082483495 0.052605625736512375 0.02038451010198088
9 0.861488224547997 0.969423234847029 0.016501746273032008 0.04756385690462188
