11 0.20683281908471327 0.5594315245478024 0.07516434617976236 0.04392764857881134
11 0.015105234468573665 0.55813953488372 0.03021046893714733 0.04134366925064599
11 0.4014162799188494 0.5574935400516796 0.1123785572169852 0.040051679586563305
11 0.7331979984773738 0.5581395348837209 0.12528618207870795 0.03875968992248062
11 0.9851421188630494 0.5574935400516796 0.027131782945736434 0.04263565891472867
2 0.2958656330749354 0.9315245478036176 0.06718346253229975 0.025839793281653745
2 0.15180878552971577 0.9354005167958657 0.07622739018087855 0.025839793281653745
2 0.9689922480620154 0.9780361757105943 0.01808785529715762 0.04392764857881135
2 0.9767441860465117 0.7894056847545217 0.04134366925064601 0.01808785529715762
9 0.10142118863049099 0.5574057045534068 0.15633074935400526 0.028444536839248462
9 0.10225323657378908 0.75 0.017364407081560014 0.3733850129198965
9 0.3501291989664083 0.9335831410207761 0.05684754521963822 0.012376102861164917
9 0.3724793929771282 0.9651162790697673 0.010070156312382433 0.06976744186046402
9 0.9379844961240312 0.7702118929045386 0.031007751937984506 0.05170035079273703
7 0.07235142118863049 0.845607235142119 0.04392764857881135 0.047803617571059415
7 0.6622714474529645 0.9086612394609951 0.04598010590641885 0.04572661668524316
7 0.5058139534883722 0.8947028423772607 0.05038759689922481 0.05038759689922481
5 0.5055666001567496 0.9660218990125337 0.04054638624980908 0.0446758444632305
4 0.8062015503875967 0.9043927648578812 0.05167958656330749 0.05426356589147287
5 0.7196443787836089 0.9086612394609948 0.04908333545603778 0.04157261491361122
5 0.01808785529715762 0.9082687338501292 0.03359173126614987 0.04392764857881135
0 0.23307738975633768 0.9695176341730202 0.05322506544856508 0.05838075232579063
1 0.6815245478036174 0.9657622739018088 0.03488372093023256 0.05038759689922481
1 0.3449612403100775 0.9593023255813953 0.049095607235142114 0.032299741602067174
10 0.6330749354005168 0.9644702842377261 0.03359173126614987 0.047803617571059415
9 0.2939276485788111 0.5583255879949757 0.11498708010335931 0.028444536839248382
9 0.5645994832041346 0.5584134234932465 0.2248062015503875 0.02936442028081768
9 0.8830749354005166 0.5579534817724618 0.18733850129198956 0.03028430372238652
9 0.5337107131085655 0.7822997416020668 0.0157418396538226 0.4354005167958654
9 0.9286666798659244 0.6556847545219641 0.01053235253863275 0.18217054263565882
9 0.059431524547803614 0.938370865845343 0.11886304909560723 0.01960480718481408
9 0.23686956536486306 0.9347545219638153 0.06631254885683745 0.011071841417976607
9 0.19755380988361565 0.9651162790697667 0.017315115854528725 0.06976744186046416
9 0.7751937984496117 0.9356540060170411 0.44961240310077527 0.016010854411342573
9 0.7047803617571059 0.9702842377260985 0.011627906976744174 0.059431524547802435
9 0.6091731266149866 0.912144702842378 0.011627906976744174 0.051679586563306915
9 0.5985775841915981 0.9567183462532306 0.010070156312382417 0.03488372093023093
9 0.5820413436692504 0.8915996128276408 0.060723514211885876 0.01005788453327811
9 0.5742832697952022 0.9683462532299726 0.058127263104616064 0.010057884533277994
9 0.06782945736434078 0.8921188630490947 0.06072351421188585 0.014211886304909544
9 0.04328165374676939 0.9102067183462543 0.011627906976744169 0.045219638242893316
9 0.5493487316152406 0.7822997416020668 0.0157418396538226 0.4354005167958654
9 0.9558637311764171 0.7902229105326185 0.012462005314893792 0.008308003543262641
9 0.9701431122663982 0.948853853186788 0.016096756865071518 0.020250758636702466
