4 0.296484 0.572656 0.053906300000000004 0.05625
9 0.966797 0.660156 0.0648438 0.06406249999999998
8 0.203516 0.283594 0.04921880000000001 0.0453125
3 0.524609 0.5753909999999999 0.07890630000000001 0.04921880000000001
9 0.9503909999999999 0.7285160000000002 0.0726563 0.06953119999999999
9 0.553125 0.4652339999999999 0.028125 0.0117188
9 0.4394530000000001 0.4652339999999999 0.07109380000000001 0.0117188
9 0.6949219999999999 0.557813 0.0335938 0.009375
9 0.7164060000000001 0.39960899999999994 0.017187500000000005 0.411719
9 0.569531 0.573828 0.0125 0.05703130000000001
9 0.4086492576741529 0.33454596930338454 0.01238998465169206 0.2746590613932294
9 0.1386719999999999 0.5574772576741538 0.06796869999999995 0.010046284651692317
7 0.133984 0.506641 0.047656199999999996 0.05234369999999999
9 0.682031 0.578125 0.0109375 0.05
9 0.166797 0.577734 0.010156199999999999 0.04921880000000001
9 0.639063 0.4011719999999999 0.15 0.010156199999999999
9 0.10117199999999998 0.4 0.0164062 0.41875
8 0.33671899999999994 0.40898399999999996 0.11875 0.05703130000000001
3 0.43789100000000003 0.42070299999999994 0.05078119999999999 0.07734369999999999
9 0.569922 0.4386719999999999 0.013281300000000001 0.0851562
2 0.569141 0.511328 0.0179687 0.07734369999999999
3 0.43867200000000006 0.34492200000000006 0.05078119999999999 0.0820312
3 0.354688 0.4488280000000001 0.0453125 0.022656300000000004
9 0.5992189999999998 0.6062499999999998 0.251563 0.015625
3 0.6312499999999999 0.29921899999999996 0.15937499999999996 0.125
3 0.354297 0.37148400000000004 0.0429688 0.025781200000000008
2 0.43359400000000003 0.605469 0.0859375 0.0234375
3 0.310156 0.3714839999999999 0.04375 0.024218699999999992
2 0.506641 0.465625 0.0742188 0.0203125
3 0.141016 0.280859 0.06328130000000001 0.15078099999999997
3 0.43789100000000003 0.26875 0.05078119999999999 0.078125
3 0.310547 0.44882799999999995 0.0445312 0.024218699999999992
9 0.24648399999999981 0.6063323865112301 0.3054689999999997 0.013897426977538083
5 0.6910160000000001 0.5113280000000001 0.0367187 0.05234369999999999
5 0.201562 0.576172 0.0484375 0.0429688
11 0.2684423865112304 0.18749999999999986 0.12405422697753844 0.04062499999999995
11 0.49531299999999995 0.191797 0.08125 0.0414063
9 0.628125 0.190234 0.190625 0.0335938
0 0.641016 0.434375 0.124219 0.06406249999999998
9 0.152344 0.190234 0.114063 0.0320312
9 0.39257799999999987 0.190234 0.13515599999999997 0.0320312
10 0.6435497691542049 0.5772379190923624 0.03177779161784226 0.050175460449224586
1 0.5925380510308265 0.5772379190923623 0.03512282231445726 0.05352049114583965
