2 0.8093749999999997 0.551562 0.096875 0.028125
2 0.7343750000000001 0.6265469566886992 0.021874999999999995 0.09378028662260249
9 0.7476559999999999 0.5542911826754799 0.04218749999999999 0.016418334649041088
9 0.8671879999999997 0.55468118267548 0.0375 0.014111038596162891
9 0.7148439999999997 0.40256179032630607 0.0296875 0.28781523416220434
9 0.8511200527415771 0.272656 0.2977588945168474 0.02968749999999999
9 0.6429689999999999 0.9406250000000003 0.0234375 0.11875
9 0.5606718840705314 0.5468750000000002 0.33835359468020343 0.031249999999999934
9 0.40537482416951126 0.767583908544072 0.028696911230108365 0.4648321829118543
9 0.6465368702345202 0.874963458211669 0.46309881243486933 0.02437724194618976
9 0.8810094593138806 0.41887578031729317 0.01627883618507152 0.27906576317265225
9 0.7348875249859782 0.571199176049032 0.01395328815863265 0.02868175899274494
9 0.7631816926409841 0.692127673423849 0.07209198881960231 0.03798395109850014
9 0.8406999601889434 0.7029802308805633 0.09379710373303095 0.016278836185071525
9 0.8771335459364764 0.8480561595455969 0.020929932237948853 0.3038876809088038
