11 0.09901047763819239 0.6039580894472306 0.08153804040792315 0.04076902020396153
11 0.46981442330279527 0.6034727439686121 0.07765527657897438 0.03979832924672435
11 0.6823957429377379 0.601046016575519 0.11648291486846168 0.036886256375012784
11 0.8978891354443919 0.6049287804044677 0.064065603177654 0.04076902020396153
2 0.4877722060116831 0.9815568718124937 0.08056734945068594 0.025237964888166552
2 0.032032801588826966 0.9820422172911123 0.06406560317765393 0.020384510101980904
2 0.156281244115186 0.8932239947039105 0.017472437230269245 0.06988974892107698
2 0.4241919483126477 0.8956507220970031 0.015531055315794835 0.07086043987831415
10 0.2266563385148816 0.9548628704884712 0.030091419674352582 0.049505238819096194
10 0.35381685391295226 0.9553482159670899 0.030091419674352617 0.04853454786185901
1 0.397983292467244 0.9529214885739969 0.03300349254606411 0.04756385690462183
1 0.18637266378953865 0.9529214885739968 0.03300349254606415 0.04562247499014746
0 0.9732118416531254 0.9422438880443879 0.05357631669374977 0.1155122239112243
0 0.3538168539129522 0.8281877005690192 0.11551222391122444 0.058241457434230884
0 0.2266563385148816 0.8281877005690191 0.11939498774017318 0.05630007551975651
5 0.3115917972731349 0.8859438125246315 0.03300349254606415 0.04562247499014746
5 0.2683960496760804 0.8844877760887756 0.032032801588826966 0.044651784032910286
5 0.7226794176630807 0.9534068340526156 0.04756385690462183 0.03882763828948716
9 0.2601451765395643 0.9543775250098527 0.00970690957237179 0.04659316594738499
9 0.27227881350502886 0.9359343968223461 0.030091419674352277 0.011648291486846223
9 0.15725193507242322 0.8286730460476379 0.015531055315794885 0.07280182179278853
9 0.22131753825007702 0.7976109354160477 0.13783811592767947 0.012618982444083273
9 0.1145415329539873 0.9534068340526158 0.09901047763819233 0.017472437230269196
9 0.15773728055104164 0.9354490513437276 0.012618982444083337 0.03009141967435264
9 0.15628124411518593 0.972335307718741 0.01747243723026924 0.03785694733224978
9 0.07425785822864421 0.969908580325648 0.016501746273032046 0.04465178403291106
9 0.30237023317938166 0.9825275627697309 0.3077090334441861 0.019413819144743567
9 0.6620112328357567 0.9825275627697309 0.28344175951325673 0.019413819144743563
9 0.2834417595132567 0.6025020530113757 0.30673834248694903 0.030091419674352617
9 0.2907219416925353 0.7951842080229565 0.018443128187506458 0.36497979992117763
9 0.0310621106315898 0.6025020530113774 0.0621242212631796 0.030091419674352617
9 0.5649421371120391 0.6025020530113767 0.12813120635530767 0.030091419674352617
9 0.8051881490282414 0.6025020530113767 0.13686742497044307 0.030091419674352613
9 0.9626283981463679 0.6034727439686142 0.0747432037072625 0.030091419674352568
9 0.8100416038144264 0.806347154031184 0.018443128187506444 0.3873056919376323
9 0.4241919483126477 0.832070464397968 0.013589673401320534 0.0795966584934487
9 0.3620677270494682 0.7976109354160477 0.133955352098731 0.012618982444083271
9 0.31110645179451607 0.9359343968223461 0.030091419674352277 0.011648291486846223
9 0.32129870684550665 0.9553482159670896 0.00970690957237179 0.04659316594738499
9 0.7484027280298661 0.9553482159670896 0.00970690957237179 0.04659316594738499
9 0.7741260383966511 0.9369050877795836 0.059212148391467496 0.011648291486846221
9 0.42467729379126573 0.9504947611809044 0.012618982444083316 0.05435869360528122
4 0.6338611950758787 0.951465452138141 0.05047592977633333 0.052417311690807766
7 0.7809208750973116 0.8907972673108175 0.04368109307567309 0.04756385690462183
9 0.9415702285200647 0.9393318151726767 0.01358967340132047 0.12133636965464716
9 0.9679671984111731 0.884487776088776 0.06406560317765372 0.011648291486846228
