9 0.785930022498259 0.5169613979829942 0.4264013155923003 0.026079591167724753
9 0.5955490069738684 0.535217111800402 0.0160824145534304 0.030426189695679527
3 0.6483601790885107 0.5326091526836307 0.09040924938144608 0.025210271462133983
9 0.6957381030432108 0.5628180124529111 0.006085237939135782 0.08475867129510711
9 0.7033446504671305 0.5326091526836292 0.014343775142248596 0.0034772788223632707
9 0.7081259088478802 0.5278278943028796 0.00391193867515872 0.012170475878271607
9 0.7126898373022321 0.6021547291308953 0.03911938675158707 0.005215918233544874
9 0.7287722518556629 0.6356235377961423 0.0060852379391357755 0.06606829762490331
9 0.7652836794904772 0.5636873321585014 0.006954557644726541 0.08215071217833335
9 0.7809314341911123 0.6019373992044984 0.03303414881245214 0.0056505780863404355
9 0.8487383712271962 0.6019373992044976 0.04259666557395041 0.004781258380749489
9 0.8669940850446036 0.5643393219376945 0.00608523793913564 0.0799774129143565
9 0.847217061742413 0.5382597307699699 0.005650578086340258 0.02955686999008897
9 0.8556929288719236 0.5499955467954465 0.02260231234536225 0.005215918233545
9 0.8980722645194759 0.6558352209511288 0.20385547096104784 0.010866496319885375
4 0.8802512105548638 0.5923748824429985 0.023036972198156935 0.0239062919037477
10 0.8517809901967641 0.5736845087727958 0.026948910873315652 0.01521309484783943
5 0.8144002428563591 0.5321744928308338 0.024340951756542953 0.016517074406226014
0 0.7813660940439072 0.5621660226737175 0.027818230578906394 0.07650013409199313
1 0.7513745642010256 0.5341304621684134 0.02173299263976887 0.02477561160933881
3 0.7092125584798687 0.5671646109808645 0.021732992639770646 0.06650295747769823
2 0.747462625525865 0.6021547291308952 0.03477278822363309 0.006954557644726541
2 0.8122269435923818 0.6017200692781003 0.03477278822363327 0.006954557644726459
5 0.8802512105548637 0.5626006825265127 0.020429013081384496 0.030426189695678924
7 0.9258904950983822 0.5356517716531978 0.023036972198156803 0.019994353228590365
3 0.9739204088322753 0.5426063292979236 0.021732992639770517 0.017386394111816545
3 0.9923934525760807 0.5623833526001167 0.015213094847838848 0.01955969337579363
8 0.9878295241217286 0.6182371436843256 0.02434095175654293 0.046943264101904615
3 0.9587073139844358 0.6036760386156792 0.024340951756543085 0.0247756116093386
3 0.9584899840580381 0.6325809188265741 0.0239062919037477 0.024340951756543085
9 0.8024470969044855 0.7062557638753962 0.011735816025476145 0.1108382624628296
9 0.7285549219292647 0.7427671915102111 0.005650578086340385 0.08649731070628722
9 0.6642252637155459 0.7112543521825444 0.12822465657464907 0.011301156172680746
9 0.5948970171946751 0.6243223816234614 0.01738639411181666 0.02173299263977064
9 0.5951143471210727 0.7258154572511905 0.017821053964611932 0.055201801305017464
9 0.5951143471210727 0.8405656583891793 0.017821053964611932 0.04737792395470002
9 0.5399125458160553 0.8559960831634166 0.1256166974578744 0.01738639411181642
9 0.4857973941430283 0.8614293313233595 0.017386394111816545 0.028252890431702374
9 0.4857973941430279 0.9374948055625589 0.017386394111816514 0.0838893515895116
9 0.5355659472881013 0.9710951197891086 0.11605418069637555 0.01608241455343024
9 0.6377110126950234 0.9684871606723388 0.08736663041187873 0.010866496319885406
9 0.5953316770474705 0.9797883168450139 0.016517074406225768 0.018690373670203923
9 0.7244256533277083 0.968269830745935 0.013039795583862441 0.01130115617268077
9 0.7342055000156056 0.9148066688521028 0.009997176614294612 0.11735816025475718
9 0.7685436283864423 0.8611261770318689 0.07780411365037826 0.009127856908703581
9 0.8033164166100758 0.9117640498825326 0.009997176614294357 0.10953428290444638
9 0.7933192399957811 0.9695738103043212 0.02999152984288335 0.009562516761499107
9 0.7389867583963544 0.9695738103043213 0.018690373670202706 0.008693197055908337
2 0.7009540212767557 0.9676178409667417 0.04172734586835962 0.013474455436657826
9 0.8691673843085804 0.88155519011325 0.012170475878271542 0.22732710301200101
9 0.8606915171790702 0.7655010094168749 0.02825289043170193 0.01173581602547641
9 0.8046203961684619 0.765501009416875 0.016082414553430197 0.009997176614294492
9 0.802447096904485 0.7781061451479432 0.011735816025476149 0.01955969337579634
9 0.8028817567572801 0.8391758544656978 0.011735816025476202 0.03738074734040541
9 0.7594157714777391 0.8519983201231631 0.07780411365037826 0.011735816025476006
9 0.7252949730332995 0.8552582690191286 0.012170475878271086 0.017386394111816545
9 0.6600959951139893 0.8589528777678964 0.12170475878271642 0.010866496319885404
3 0.6616173045987711 0.8424358033616629 0.11866213981314773 0.0239062919037477
8 0.6129354010856847 0.7509399043482289 0.024775611609338465 0.07128421585844813
3 0.6361897032102394 0.7496359247898421 0.02260231234536154 0.024340951756543085
3 0.6896528651040761 0.7326841905308236 0.07476149468080942 0.03390346851804257
11 0.5944623573418799 0.7844087130134751 0.019994353228589053 0.06954557644726606
11 0.5944623573418796 0.6659639031267252 0.020863672934179754 0.06824159688887978
11 0.5951143471210727 0.581639891684415 0.020429013081384496 0.06911091659447073
8 0.6142393806440709 0.5794665924204379 0.02216765249256617 0.07258819541683374
3 0.6366243630630346 0.5796839223468355 0.022602312345361416 0.02434095175654315
3 0.6572707060708166 0.669658511875486 0.06128703924415336 0.07650013409199273
2 0.7285549219292645 0.6833502972385415 0.009127856908703595 0.03607676778201924
9 0.7281202620764691 0.8313519771153797 0.006519897791931285 0.03390346851804219
2 0.7279029321500714 0.8002737976405079 0.00869319705590821 0.03607676778201924
2 0.8024470969044848 0.8035337465364732 0.014343775142248725 0.03825006704599629
3 0.7637623700056928 0.8359159055697317 0.06824159688887993 0.023036972198156876
2 0.8293960077778011 0.7652836794904774 0.03955404660438237 0.013039795583862366
9 0.8765566018061027 0.7100818781854595 0.02868755028449732 0.01130115617268077
9 0.9402342702406307 0.7107338679646525 0.03868472689879182 0.012605135731067056
9 0.9452328585477795 0.7833220633814869 0.006085237939135779 0.14300309156969127
9 0.9358876717126785 0.8585182179150956 0.12822465657464302 0.010866496319885401
5 0.9587073139844355 0.8217894603538808 0.019994353228588984 0.03129550940126976
5 0.9354530118598814 0.7926672502165879 0.015213094847839495 0.02347163205095232
7 0.9569686745732541 0.7685436283864425 0.020863672934179754 0.023036972198156935
9 0.9582726541316405 0.732249530678026 0.004346598527954107 0.04781258380749628
9 0.9517527563397095 0.7537651933913985 0.018255713817407444 0.004781258380749619
4 0.9302370936263361 0.7374654489115706 0.0256449313149295 0.01564775470063488
1 0.8832938295244316 0.7763675057367599 0.019559693375793594 0.023036972198156935
9 0.8854671287884088 0.7396387481755476 0.005650578086340384 0.052159182335449916
9 0.8804685404812613 0.7622410605209093 0.014778434995043976 0.004346598527954035
3 0.8722100032781487 0.7383347686171612 0.023471632050952308 0.04607394439631391
2 0.906765461575384 0.7094298884062663 0.03433812837083771 0.013474455436657826
0 0.9124160396617244 0.8402625040976858 0.0630256786553349 0.028252890431701934
0 0.9276291345095637 0.8778605813644894 0.06650295747769809 0.028687550284497695
9 0.9626192526595956 0.9067654615753848 0.004346598527954106 0.0908439092342429
9 0.9732684190530821 0.9254558352455868 0.023036972198156803 0.004781258380749489
9 0.9819616161089914 0.9378436410502573 0.004781258380749623 0.029556869990086478
9 0.9515354264133125 0.9515354264133158 0.06476431806651854 0.003911938675158712
9 0.8809032003340569 0.9519700862661071 0.01651707440622565 0.005650578086340385
2 0.9039401725322138 0.9515354264133116 0.033034148812451425 0.009127856908703595
5 0.8817725200396477 0.923065206055212 0.01564775470063488 0.024340951756543085
4 0.9471888278853572 0.9058961418697932 0.02651425102052014 0.015213094847839495
7 0.9737030789058774 0.9032881827530207 0.019559693375793594 0.0239062919037477
1 0.9478408176645504 0.9378436410502562 0.024340951756543085 0.02521027146213399
3 0.8826418397452385 0.9687044905987311 0.015647754700634866 0.030426189695680658
6 0.6125007412328893 0.9384956308294492 0.09345186835101389 0.049985883071472455
6 0.6120660813800941 0.888509747757977 0.09345186835101389 0.049985883071472455
