9 0.5759486823777383 0.47999149991328854 0.14707170740946046 0.02894001071391304
9 0.5635281854513989 0.28488292236248397 0.014696206416786263 0.4018836398111116
9 0.5828970981290567 0.08440721649484542 0.31785605192821687 0.021907216494845325
9 0.5992268041237128 0.14626288659793765 0.07093762870971702 0.00839712647213954
9 0.6275773195876295 0.11275773195876254 0.008388263660134924 0.0709367225648322
9 0.8137886597938144 0.12693298969072167 0.01675257731958763 0.0657216494845361
9 0.8907531500572727 0.08431169956143224 0.17725658648339052 0.017985508556070257
9 0.9284793814432989 0.1288659793814438 0.05283541545578828 0.007932405166899005
9 0.9072060940412939 0.11146915611555581 0.008367462052000861 0.04774370059683783
9 0.9494475204162336 0.28665825755854235 0.017588834993742763 0.4064762075728854
9 0.9168814432989673 0.4801834276905388 0.07603092783505139 0.02674654668077718
9 0.7712628865979364 0.48002577319587586 0.13273195876288627 0.029776268388067066
9 0.3853092783505155 0.4800257731958764 0.134020618556701 0.031445208094692624
9 0.18239022527682316 0.47938144329896915 0.16099274532264207 0.030927835051546376
9 0.02448453608247422 0.4800257731958755 0.04896907216494844 0.034793814432989796
9 0.058373546276142455 0.2431385721938506 0.014696206416787008 0.07648332995471224
9 0.17986445208094692 0.27641752577319595 0.019137075219549455 0.4059278350515465
11 0.29252577319587625 0.47744845360824756 0.07731958762886598 0.032216494845360814
11 0.4722938144329898 0.4780927835051546 0.06314432989690723 0.03865979381443299
11 0.6739690721649485 0.4787371134020619 0.07731958762886598 0.03994845360824742
11 0.8576030927835048 0.478737113402062 0.0657216494845361 0.03479381443298969
9 0.8154954484247046 0.24484536082474168 0.013476093188139783 0.07989690721649462
9 0.8814432989690723 0.27770618556701027 0.12886597938144326 0.0115979381443299
0 0.8777349740822891 0.24461355212009486 0.11308675286634308 0.056237413518541175
5 0.9267392134402445 0.17847938144329897 0.03311951126384098 0.05025773195876289
1 0.8331185567010305 0.1134020618556701 0.037371134020618556 0.04896907216494847
10 0.8782216494845361 0.11146907216494842 0.032216494845360814 0.04768041237113402
4 0.7074742268041238 0.1134020618556701 0.051546391752577296 0.04896907216494847
2 0.7725515463917526 0.08569587628865978 0.07860824742268041 0.027061855670103094
9 0.3306988916080644 0.08698453608247406 0.06798366008283897 0.021907216494845318
9 0.303479381443299 0.10309278350515465 0.01675257731958763 0.05670103092783505
9 0.21327319587628868 0.1649484536082474 0.0657216494845361 0.012886597938144324
9 0.24033505154639173 0.14561855670103088 0.0115979381443299 0.051546391752577296
9 0.2440433764331714 0.12136022167838671 0.1324166497735611 0.016053412775769202
9 0.1481958762886598 0.11146907216494849 0.010309278350515462 0.05025773195876289
9 0.15786082474226804 0.1295103092783505 0.03221649484536081 0.011597938144329873
9 0.19394329896907217 0.07860824742268041 0.027061855670103094 0.010309278350515462
9 0.27963917525773146 0.07902637625975718 0.038659793814432894 0.008705309567375589
2 0.23582474226804123 0.07860824742268041 0.06701030927835053 0.012886597938144331
9 0.1114690721649484 0.08482534533192222 0.143041237113402 0.021070958820691574
9 0.058181618498895936 0.11984536082474183 0.013407546622972513 0.06958762886597912
1 0.07667525773195875 0.11533505154639175 0.03479381443298969 0.04768041237113402
10 0.11984536082474227 0.11146907216494846 0.030927835051546403 0.04768041237113402
5 0.15721649484536082 0.18234536082474226 0.03608247422680412 0.04768041237113402
9 0.11469072164948453 0.27641752577319595 0.11855670103092786 0.00902061855670103
0 0.12164125738512847 0.24677835051546348 0.11496490791015475 0.057989690721649396
7 0.20554123711340203 0.27577319587628873 0.045103092783505154 0.04896907216494847
5 0.20682989690721654 0.19072164948453604 0.04252577319587629 0.051546391752577296
9 0.44159218044127263 0.24355670103092705 0.01218743339432612 0.07731958762886575
9 0.49999999999999967 0.2777061855670101 0.12628865979381446 0.01083022703534392
5 0.5932795266315768 0.1701030927835052 0.04341562371568664 0.04381443298969061
7 0.5927186970193475 0.25576656500451966 0.04394404926026935 0.045297517189374685
2 0.8144329896907216 0.1829896907216495 0.02061855670103095 0.06701030927835047
9 0.9637804326428437 0.4192668481354604 0.015738103786440135 0.12823538745502172
9 0.9735824742268027 0.5526088504865608 0.052835051546391246 0.0228805672993344
9 0.9790318610270586 0.3640463917525758 0.041936277945878696 0.019329896907216416
11 0.07087628865979381 0.4774484536082473 0.06443298969072163 0.03479381443298969
2 0.05541237113402064 0.18234536082474226 0.01804123711340206 0.07087628865979381
9 0.44178410821852004 0.12371134020618532 0.012571288948818815 0.0721649484536081
1 0.4619845360824745 0.11597938144329896 0.034793814432989546 0.05412371134020611
10 0.5057989690721649 0.11275773195876289 0.032216494845360814 0.05283505154639175
5 0.5421419176413829 0.18298969072164922 0.03273744353018962 0.04896907216494843
0 0.5006443298969063 0.24446150527024904 0.11469072164948434 0.05851063940647785
9 0.5335051546391752 0.10953608247422679 0.010309278350515462 0.05412371134020619
9 0.5444587628865978 0.12951030927835036 0.0349113464712562 0.009202209181599023
4 0.28930412371134023 0.1481958762886598 0.05025773195876289 0.04896907216494847
2 0.3949742268041237 0.08698453608247422 0.07860824742268041 0.024484536082474233
2 0.023195876288659788 0.08376288659793817 0.046391752577319575 0.02319587628865981
2 0.9845360824742271 0.08634020618556701 0.030927835051546292 0.030927835051546376
2 0.44136597938144334 0.1836340206185567 0.01675257731958762 0.06829896907216494
9 0.9594415028035391 0.5199527589677281 0.02257895720215086 0.08278950974121897
