2 0.9475693389742804 0.993561842649521 0.07673652205143258 0.012876314700958154
2 0.20820299999999964 0.9923898926495213 0.07109379999999986 0.015220214700954677
2 0.9082029999999999 0.8480470000000001 0.07109380000000001 0.0179687
7 0.4203120000000001 0.953516 0.0484375 0.04921880000000001
9 0.47719756025634597 0.6172382231623793 0.21845732051269515 0.030743968376194367
9 0.14179699999999992 0.9934604463247608 0.08515619999999996 0.013078807350477648
9 0.523438 0.9695309999999999 0.010937499999999998 0.0453125
9 0.2652339999999998 0.9934604463247608 0.05703129999999994 0.013078807350477641
9 0.4953130000000001 0.9503910000000001 0.0625 0.011718799999999998
9 0.01689804632476106 0.8101559999999992 0.01776630735047783 0.3765629999999996
9 0.9667969499999998 0.8496602231623804 0.06640610000000019 0.011617553675238725
9 0.8440897768376178 0.7184240084614235 0.011415161025716651 0.17434801692285004
11 0.314844 0.616406 0.121875 0.03437500000000001
11 0.647266 0.615625 0.132031 0.040625
9 0.44885065256429146 0.811718749999997 0.01624841247906168 0.37656249999999963
9 0.970312 0.616406 0.059375 0.03125
11 0.12226600000000001 0.617578 0.0804688 0.0398437
9 0.7984369999999985 0.6164059999999995 0.17812499999999978 0.032407714700956
9 0.8535159999999995 0.8290576694871412 0.030468799999999983 0.05438396102571634
9 0.04648439999999998 0.6154733305128582 0.09296869999999996 0.030946461025716864
11 0.915625 0.6175780000000001 0.06406249999999998 0.04140630000000001
9 0.20859399999999997 0.617188 0.10312499999999997 0.03125
2 0.06574225119469977 0.99294042940191 0.07677283025421316 0.014119141196177553
7 0.5762374500689805 0.9677907091462208 0.04412231623805356 0.04147497726377043
5 0.6327140148536894 0.9669082628214596 0.04412231623805364 0.037945191964726066
4 0.7213998704921769 0.9651433701719374 0.046769655212336836 0.048534547861859026
9 0.6911437863336231 0.9933816525642843 0.4465178403291005 0.013236694871419461
9 0.46296979376046865 0.8117187500000002 0.01624841247906168 0.3765624999999996
