11 0.5457930518647235 0.44740028665386383 0.0767728302542133 0.03882763828948723
11 0.7394900201497789 0.4478415098162445 0.11824780751798362 0.03794519196472614
2 0.6697767604936543 0.05427044897280597 0.07765527657897446 0.023826050768548965
2 0.13766162666272735 0.055594118459947585 0.07589038392945226 0.02470849709331004
2 0.25502698785595007 0.056917787947089196 0.0741254912799301 0.029120728717115404
2 0.25502698785595 0.12177759281702802 0.0705957059808858 0.02470849709331004
6 0.31238599896541974 0.3331234875973049 0.18707862084934745 0.2038451010198078
5 0.43460481494482833 0.1253073781160723 0.03088562136663755 0.04588720888757578
5 0.8356766695487359 0.13104327922701928 0.040592530939009344 0.04500476256281471
5 0.8846524405729754 0.1504570983717629 0.03265051401615966 0.048534547861859005
10 0.48578670178097055 0.08339117768992138 0.03088562136663748 0.04500476256281469
10 0.9234800788624625 0.0833911776899214 0.029120728717115442 0.04323986991329257
1 0.9653962792886135 0.08383240085230191 0.03353296034092076 0.045887208887575776
1 0.5268204558823605 0.08427362401468244 0.031768067691398574 0.04500476256281469
0 0.44872395614100546 0.18399005871268365 0.05912390375899181 0.05912390375899187
0 0.9265686409991264 0.21840546537836553 0.11471802221893944 0.053829225810425464
7 0.8339117768992138 0.21311078742979905 0.04412231623805356 0.04500476256281469
4 0.7258121021159823 0.0873621861513462 0.046769655212336836 0.0511818868361422
2 0.5462342750271041 0.14780975939747967 0.017648926495221474 0.06971325965612472
9 0.4588720888757578 0.07589038392945226 0.008824463247610773 0.033532960340920764
9 0.4403407160557752 0.08780340931372674 0.04941699418662004 0.011471802221893946
9 0.46681410579860666 0.44916517930338484 0.09883398837324162 0.03176806769139852
9 0.4138673263129335 0.2890011713592479 0.019413819144743258 0.318563123238745
9 0.41519099580008473 0.4884340407552539 0.029120728717115373 0.09265686409991267
9 0.25546821101833056 0.5219670010961746 0.35739076152823435 0.023826050768548965
9 0.21796424221598493 0.42225056639817327 0.01941381914474358 0.19678553042171917
9 0.15398688367080718 0.334005933922066 0.14560364358557698 0.018531372819982524
9 0.07412549127993005 0.3490075214430037 0.022943604443787784 0.22855359811311746
9 0.08912707880086834 0.4134261031505626 0.02647338974283218 0.20560999366932997
9 0.6322727916913062 0.44916517930338307 0.11383557589418249 0.031768067691398436
9 0.8944535071681952 0.4500476256281411 0.2110929856636098 0.03176806769139821
9 0.863032505616325 0.24752619409548035 0.01764892649522148 0.38386415127106605
9 0.8294995452754069 0.10104010418514255 0.05647656478470635 0.011471802221893913
9 0.8030261555325761 0.07765527657897438 0.008824463247610773 0.033532960340920764
9 0.8930356806582036 0.08118506187801866 0.008824463247610761 0.044122316238053697
9 0.8837699942482115 0.10192255050990315 0.03088562136663775 0.011471802221893868
9 0.546234275027104 0.1989916462336219 0.014119141196177177 0.04500476256281472
9 0.4844630322938285 0.21575812640408149 0.13589673401320593 0.011471802221893953
9 0.5457930518647225 0.0908919714503904 0.015001587520938171 0.0635361353827971
9 0.8508665711153767 0.055152895297566715 0.2982668577692386 0.020296265469504585
9 0.9852513215957376 0.08824463247610724 0.013236694871416084 0.0582414574342308
9 0.9843688752709767 0.21708179589122387 0.015001587520938267 0.0741254912799301
9 0.9292159799734092 0.24840864042024197 0.1288371634151166 0.00970690957237179
2 0.9848100984333571 0.15001587520938234 0.019413819144743726 0.06883081333136365
9 0.528332439415202 0.05515289529756617 0.22325892016454238 0.020296265469504422
9 0.3522843976253678 0.05780023427184927 0.14119141196176424 0.027355836067593158
9 0.1965326213050379 0.05603534162232664 0.0573590111094632 0.027355836067592974
9 0.05206433316089951 0.0547116721351852 0.10412866632179901 0.021178711794265635
9 0.40813142520199347 0.09839276521085892 0.025590943418072772 0.06794836700660233
9 0.35228439762536745 0.12398370862892935 0.13413184136367617 0.027355836067593096
9 0.1994328693960009 0.09927521153562033 0.022943604443788165 0.06618347435708016
9 0.20737488631885168 0.1222188159794082 0.03706274563996474 0.023826050768548795
9 0.07809649974135324 0.1005988810227618 0.020296265469504946 0.0723605986304077
2 0.07721405341659357 0.18619617452458562 0.023826050768549115 0.10412866632180647
