2 0.70569232591143 0.3384741126428617 0.1028932414671411 0.028150037759878253
2 0.7707286200463211 0.4719441192629739 0.021355201059217944 0.09706909572371805
11 0.5542645365824299 0.8645886114654135 0.10095185955266679 0.04562247499014746
11 0.7901424391910649 0.8621618840723205 0.08736218615134633 0.048534547861859026
5 0.43972300362844263 0.5010648479800895 0.052417311690807766 0.06018283934870519
5 0.9066253540595264 0.49572604771528495 0.04271040211843589 0.05921214839146807
0 0.8508106240183885 0.5646451056791247 0.150457098371763 0.07086043987831415
10 0.8983744809230103 0.4331164809734869 0.05921214839146807 0.03882763828948723
1 0.7974226213703435 0.3787577873682048 0.04368109307567309 0.06212422126317954
4 0.6120206485380422 0.4369992448024355 0.06115353030594237 0.06406560317765386
7 0.43875231267120546 0.6097822351906537 0.054358693605282137 0.06018283934870512
8 0.4848601331399715 0.7296625684094455 0.1426915707138655 0.07474320370726291
8 0.7416078913292057 0.7447082782466219 0.06018283934870512 0.06212422126317947
3 0.6634672692716127 0.7481056965969519 0.08833287710858335 0.14463295262833972
3 0.5164075892501799 0.684040093419298 0.050475929776333396 0.03009141967435263
3 0.4649609685166093 0.6840400934192978 0.050475929776333396 0.03009141967435263
3 0.4649609685166093 0.7752850433995927 0.050475929776333396 0.03009141967435263
3 0.517378280207417 0.7752850433995928 0.050475929776333396 0.03009141967435263
9 0.4445764584146284 0.3384741126428618 0.10677600529608952 0.026208655845403786
9 0.40138071081757376 0.6054141258830866 0.020384510101980766 0.5581473004113789
9 0.4426350765001543 0.4005983339060413 0.07765527657897463 0.01261898244408334
9 0.4863161695758276 0.368080186838596 0.021355201059217968 0.07377251275002593
9 0.5654274825906573 0.3952595336412368 0.17763644517440352 0.021355201059217926
9 0.6430827591696321 0.3651681139668843 0.02232589201645514 0.07959665849344855
9 0.7707286200463208 0.387979351461958 0.017472437230269203 0.08833287710858347
9 0.8415890599246361 0.33895945812148015 0.18054851804611696 0.023296582973692224
9 0.8920649897009687 0.374875023539256 0.01164829148684609 0.06406560317765388
9 0.907110699538145 0.40011298842742266 0.039798329246724294 0.009706909572371787
9 0.7707286200463193 0.5617330328074133 0.01747243723026919 0.10192255050990384
9 0.8464425147108215 0.6029873984899934 0.16501746273032114 0.015531055315794821
9 0.4513712951152888 0.8641032659867953 0.11648291486846102 0.03882763828948729
9 0.674144869801222 0.8650739569440327 0.15822262602965892 0.038827638289487265
9 0.8770192798637929 0.8650739569440327 0.11162946008227465 0.03882763828948726
9 0.9240977912897954 0.9267128327285933 0.02329658297369233 0.0980397866809553
