2 0.3285159999999998 0.9785157500000002 0.013281300000000001 0.042968499999999465
9 0.18434732203965823 0.29531199999999996 0.1624456440793164 0.014062499999999992
9 0.09609379999999995 0.2702074142524594 0.014062499999999986 0.05603882850491749
2 0.05664059999999999 0.537109 0.05859380000000001 0.013281300000000001
2 0.43125 0.910156 0.017187500000000005 0.06875000000000002
9 0.29999093465224946 0.39022477401321665 0.1718558693044992 0.010786280901724739
2 0.8472660000000001 0.387891 0.06953119999999999 0.022656300000000004
2 0.4148439999999997 0.3902189566886992 0.06562499999999995 0.01643658662260266
2 0.5773439999999997 0.39060413936417837 0.07031249999999997 0.017230021271642873
9 0.382031 0.8128909999999999 0.096875 0.0210938
2 0.43202859133774063 0.7445251826754804 0.017193517324520496 0.06879853859616282
9 0.7058658173245204 0.2214781826754796 0.011718800000000003 0.11171900000000001
9 0.9749999999999989 0.15661130442319007 0.04843749999999997 0.03353440884638002
9 0.9382812499999994 0.3906191826754774 0.12343750000000094 0.012524269298081557
9 0.8449220000000003 0.1544883769874435 0.07734369999999999 0.035538553974886644
9 0.7093750000000005 0.15370637698744338 0.06406250000000002 0.03710105397488668
9 0.4542970000000002 0.2781458606358214 0.010156200000000002 0.220087758992745
9 0.8273922885961633 0.5617190000000011 0.3452154228076735 0.05625000000000007
9 0.5734379999999996 0.15448837698744344 0.07656249999999998 0.037101053974886763
9 0.6781249999999999 0.9933591750000004 0.05312499999999996 0.013281649999999805
11 0.6453120000000001 0.15117199999999997 0.0797468911536197 0.0398437
9 0.10781300000000002 0.15423760884637994 0.0765625 0.036599917692760164
2 0.3289059999999999 0.9082122259867808 0.01875000000000001 0.06644872127164218
2 0.47304700000000005 0.6667970000000001 0.07109380000000001 0.0195312
11 0.32059246371787337 0.153906 0.07974689115362027 0.04374999999999999
2 0.7058590000000001 0.30351599999999995 0.0148437 0.06953119999999999
9 0.2511719999999999 0.15448837698744336 0.07578119999999999 0.03710105397488678
11 0.18096953628212667 0.154687 0.08337292743574658 0.04531249999999999
11 0.774609 0.15429699999999996 0.07946662743574627 0.04453119999999999
11 0.9170477681410637 0.15351599999999987 0.07846465487149311 0.041406299999999986
9 0.4113279999999999 0.1550186088463801 0.10859399999999997 0.03503751769275995
11 0.5035160000000001 0.15468700000000013 0.08052819115361996 0.045312500000000026
9 0.08126173116592103 0.3902247740132188 0.15783586233184208 0.011773355920683615
11 0.0380752752241516 0.15675053628212668 0.0761505504483032 0.04531249999999997
3 0.0271313936417858 0.3179419495306311 0.03410803772110214 0.03410803772110213
3 0.29456941668224573 0.24933828275068698 0.03720876842302056 0.034883220396581746
3 0.2937942340067661 0.3229806369212484 0.03720876842302056 0.034883220396581746
3 0.3864285637265774 0.20786600961252888 0.03798395109850008 0.04185986447589782
3 0.3872037464020569 0.2784076330811719 0.03798395109850008 0.04185986447589782
3 0.504256330399476 0.31445362749097294 0.03488322039658169 0.03798395109850012
3 0.5383643681205782 0.31445362749097283 0.03488322039658169 0.03798395109850012
3 0.4988300516711189 0.2295711245259574 0.04263504715137735 0.037208768423020414
9 0.10077374781234706 0.3427477951459783 0.021705114913428615 0.0945722864085109
9 0.2620117443121027 0.23189667255239635 0.02790657631726536 0.12712995877865305
9 0.0961226517594697 0.17685870259334496 0.012402922807673527 0.01395328815863256
2 0.09612265175946966 0.21290469700314602 0.015503653509591885 0.06278979671384717
2 0.18681902479058227 0.3900339383502326 0.062014614038367284 0.013953288158632716
5 0.1472847083411229 0.2728643017688172 0.05581315263453079 0.032557672370142954
10 0.22867888926648036 0.20115990428695463 0.040309499124938905 0.02403066293986746
8 0.4286760195402155 0.2434073601005926 0.0465109605287757 0.14728470834112298
8 0.519759983909068 0.2713139364178579 0.1186029493483779 0.04341022982685725
9 0.26937597972915867 0.3414679685487612 0.013178105483153098 0.0984481997859084
9 0.5011555996975581 0.3899168857662341 0.09224673838207281 0.010852557456714271
9 0.4507687257913841 0.3899168857662358 0.013178105483153018 0.010852557456714313
9 0.47441179739351186 0.40387017392486885 0.012402922807673484 0.02170511491342886
9 0.4740242060557719 0.5282869933393435 0.011627740132193863 0.022480297588908172
2 0.4740242060557718 0.46627237930097587 0.014728470834112287 0.110851122593582
5 0.6302235151649102 0.35503366536965414 0.034108037721102234 0.0341080377211021
9 0.6561921347934769 0.3899168857662343 0.10309929583878702 0.010852557456714278
9 0.7631673440096616 0.3899168857662343 0.10775039189166384 0.010852557456714276
9 0.7058658173245201 0.35946069891084753 0.011718800000000003 0.05745621271642767
9 0.9740790230404595 0.276903743972271 0.011718799999999998 0.219469391891663
3 0.683337877066586 0.25581028290826613 0.03953431644945938 0.03565840307206131
3 0.9073513216488648 0.33150764635152385 0.03488322039658169 0.03798395109850012
3 0.9430097247209263 0.33150764635152385 0.03488322039658169 0.03798395109850012
3 0.9290564365622938 0.2446871866978093 0.04263504715137714 0.036433585747540846
8 0.7926386343092087 0.2244153845513425 0.03953431644945925 0.04108468180041849
3 0.7399262123765962 0.22519056722682215 0.05658833531001026 0.0922467383820717
9 0.9213189584388219 0.6127962535979432 0.15736208312235675 0.04573577785329612
9 0.680237146364666 0.7248101502047478 0.05348760460808986 0.37828914563403737
9 0.6403152385774685 0.5527195962482742 0.034108037721102026 0.03565840307206134
9 0.5503940482218359 0.5403166734406006 0.15813726579783632 0.012402922807673467
9 0.4360546035885953 0.5407042647783404 0.07829345022343871 0.013178105483153103
9 0.383342181655983 0.5519444135727948 0.03333285504562254 0.03410803772110214
9 0.3418699085178246 0.5414794474538202 0.05891388333644915 0.010077374781234683
9 0.3593115187161155 0.6069823835318457 0.07364235417056147 0.01085255745671438
9 0.3949699217881767 0.6157791088111749 0.01162774013219393 0.10178468146519579
9 0.3823392693251282 0.6674466322192514 0.11595767795720963 0.0124029228076735
9 0.4321786902111975 0.691864886496862 0.011627740132193866 0.047286143204256635
9 0.3286918030346728 0.7713211107335218 0.012402922807673576 0.21240005308140805
9 0.43217869021119454 0.8265460772100678 0.011921519947234484 0.10579883690022009
9 0.37907867694084524 0.9507759001070459 0.09612265175946932 0.011627740132193934
9 0.4310159161979778 0.9511634914447856 0.009302192105755058 0.024805845615346933
9 0.3286918030346715 0.950388308769307 0.010852557456714231 0.024805845615346368
2 0.4323904785142653 0.9785157500000002 0.013281300000000001 0.042968499999999465
9 0.1972983395408803 0.5403166734406006 0.03643358574754093 0.012402922807673484
2 0.26241368428116624 0.5410918561160805 0.10154893048782675 0.015503653509591906
2 0.3283042116969317 0.5748123024994426 0.014728470834112287 0.053487604608091904
3 0.06046424868740834 0.9139547230217652 0.044960595177816455 0.035658403072061244
9 0.09302192105755135 0.8627926664401118 0.1860438421151027 0.015503653509591906
5 0.7309972629772574 0.8542656570098361 0.031007307019183812 0.03720876842302052
3 0.4092964526532258 0.8441882822286015 0.03565840307206127 0.03565840307206141
9 0.579623198464328 0.6674466322192503 0.15993817171435773 0.012402922807673484
