5 0.718359 0.9566410000000001 0.04140630000000001 0.030468799999999997
11 0.5196379635641444 0.7308590000000001 0.03889654521381412 0.06484380000000002
9 0.7671869999999998 0.954687 0.009375 0.03125
9 0.6175779999999998 0.9703125000000002 0.01133991808552563 0.059374999999999706
9 0.7867190000000001 0.9679690000000001 0.0453125 0.010937499999999998
9 0.9742190000000001 0.751172 0.05000000000000001 0.013281300000000001
9 0.9554690000000001 0.7875 0.0140625 0.0859375
2 0.9554689999999998 0.8574220000000002 0.0171875 0.06645327234210247
2 0.8773440000000001 0.9375943454786183 0.0796875 0.02092774521381421
9 0.8134706909572371 0.9691407999999998 0.019933618085525632 0.06171840000000018
9 0.37890599999999997 0.958203 0.03125 0.0835937
9 0.583984 0.9105469999999998 0.010156199999999999 0.0476562
9 0.681641 0.9368133454786184 0.32734400000000013 0.016619127128288447
9 0.95625 0.907812 0.0140625 0.046875
9 0.5175779999999999 0.6256039271282884 0.030894554256577104 0.15669909042762803
9 0.5578130000000001 0.891016 0.059375 0.011718799999999998
9 0.5172823454786186 0.8447918002648049 0.031060509042762807 0.17760339947039172
9 0.9550780000000002 0.937891 0.08984379999999997 0.0210938
9 0.44491038191447446 0.9305633454786186 0.15549223617105123 0.03106050904276281
11 0.6683589999999998 0.5574220000000003 0.07151955425657679 0.03283593617105114
11 0.8813559635641446 0.5598603454786186 0.07521292712828813 0.03577154521381421
9 0.7738279999999998 0.558203 0.153906 0.0320312
9 0.9566410000000001 0.5578130000000001 0.0867188 0.0328125
9 0.571673690957237 0.5573276545213818 0.13633961808552558 0.02833792712828829
0 0.648124528001522 0.9713646167615033 0.05338800264804478 0.05727076647699322
1 0.9762180715476891 0.9082697045410868 0.032032801588826855 0.04756385690462183
5 0.6204598357202626 0.9077843590624681 0.04659316594738465 0.03882763828948716
7 0.5515407777564227 0.8451747923206697 0.04271040211843589 0.04562247499014746
4 0.708792712828846 0.9043869407121379 0.04659316594738465 0.049505238819096194
