11 0.11692506459948321 0.47674418604651175 0.06589147286821706 0.03617571059431524
11 0.3410852713178295 0.4786821705426357 0.08010335917312661 0.037467700258397935
11 0.5174418604651163 0.4780361757105943 0.06589147286821706 0.03359173126614987
2 0.061638875784560954 0.08445011327963471 0.07668458562173726 0.023296582973692335
2 0.45234198607252596 0.08542080423687187 0.07765527657897438 0.025237964888166688
2 0.7770381112683629 0.08833287710858344 0.07280182179278853 0.027179346802641065
2 0.7770381112683629 0.15094244385038152 0.07280182179278853 0.022325892016455143
2 0.9046839721450519 0.0839647678010161 0.07765527657897446 0.022325892016455143
2 0.5028179158488594 0.18588731831092006 0.017472437230269276 0.07280182179278853
7 0.2538356853175226 0.2882952142994425 0.041739711161198755 0.04659316594738465
5 0.25383568531752265 0.2067571738915194 0.03979832924672441 0.04659316594738465
5 0.20384510101980788 0.19899164623362198 0.03106211063158977 0.04465178403291031
5 0.9848601331399713 0.17715109969578552 0.030279733720057482 0.04562247499014746
5 0.602799084444289 0.2023890645839521 0.03300349254606419 0.04562247499014746
10 0.19899164623362198 0.15385451672209302 0.04465178403291031 0.03203280158882695
10 0.5969749387008659 0.1557958986365674 0.04465178403291035 0.02815003775987822
1 0.12424844252635907 0.11454153295398725 0.03300349254606411 0.04659316594738465
1 0.5222317349936031 0.11599756938984307 0.03300349254606411 0.04756385690462183
0 0.5630007551975644 0.25577706723199695 0.11260015103951294 0.05532938456251929
0 0.16404677177308347 0.25529172175337844 0.11648291486846162 0.05630007551975644
4 0.3834229281086863 0.15967866246551618 0.04659316594738465 0.04950523881909621
9 0.1946235369260546 0.08422016306313827 0.20287441006257062 0.019873719577736502
9 0.40574882012514146 0.10483462338161548 0.01941381914474358 0.06212422126317954
9 0.34605132625505464 0.1276458608766892 0.13298466114149365 0.016501746273032074
9 0.28829521429944216 0.10531996886023405 0.017472437230269217 0.05921214839146786
9 0.22520030207902572 0.27907365020568925 0.01747243723026924 0.3834229281086861
2 0.10240789598852253 0.18491662735368286 0.018443128187506427 0.07280182179278853
9 0.04465178403291031 0.4800066783537856 0.08930356806582063 0.03009141967435258
9 0.22714168399350015 0.48049202383240397 0.16307608081584632 0.031062110631589705
9 0.4319574759705452 0.4804920238324028 0.11648291486846181 0.03106211063158951
9 0.2562624127106156 0.13104327922701933 0.050475929776333264 0.009706909572371808
9 0.194138191447436 0.11114411460365718 0.009706909572371794 0.04950523881909621
9 0.10289324146714117 0.12279240609050338 0.015531055315794906 0.06891905796383987
9 0.013104327922701931 0.0849354587582533 0.026208655845403862 0.020384510101980773
9 0.10240789598852264 0.25237964888166675 0.012618982444083337 0.0776552765789741
9 0.1601640079441347 0.28489779594911263 0.1223070606118847 0.012618982444083422
9 0.5023325703702408 0.2514089579244297 0.014560364358557717 0.07571389466450004
9 0.5600886823258533 0.28441245047049385 0.12230706061188501 0.011648291486846166
9 0.5023325703702409 0.12376309704774048 0.014560364358557721 0.06503629413489108
9 0.55766195493276 0.08493545875825313 0.1426915707138653 0.020384510101980773
9 0.5814438833850707 0.47952133287516685 0.07571389466450007 0.02912072871711537
9 0.5940628658291541 0.1140561874753687 0.00970690957237179 0.04562247499014747
9 0.6057111573160003 0.13104327922701942 0.02912072871711531 0.009706909572371808
9 0.6231835945462697 0.5212610440363659 0.027179346802641065 0.08736218615134618
9 0.6260956674179812 0.31304783370899036 0.021355201059217937 0.3290642345034035
9 0.6896759251170164 0.15045709837176313 0.11357084199674965 0.023296582973692363
9 0.6290077402896928 0.118424296782936 0.025237964888166688 0.06406560317765393
9 0.6877345432025419 0.08881822258720172 0.11745360582569891 0.026208655845403776
9 0.8207192043440361 0.08784753162996471 0.026208655845403092 0.026208655845403803
9 0.8522666604542444 0.08542080423687186 0.04076902020396196 0.021355201059217958
9 0.8309114593950254 0.1266751699194521 0.02135520105921795 0.06891905796383996
9 0.8241166226943661 0.15142778932900017 0.03494487446053823 0.02329658297369233
9 0.8207192043440362 0.44991525867943316 0.020384510101980766 0.18928473666125012
9 0.7862596753621154 0.5523231546679549 0.3475073626909102 0.023296582973692317
9 0.8823580801285967 0.3640091089639427 0.1417208797566283 0.01941381914474358
9 0.9469090287848693 0.41885314804784335 0.018443128187506562 0.12521913348359628
9 0.9488504106993436 0.5212610440363655 0.022325892016455375 0.08542080423687194
9 0.9600133567075713 0.28052968664154515 0.017472437230269207 0.38439361906592345
9 0.9770946054820742 0.4795213328751665 0.04581078903585206 0.03300349254606408
9 0.9824334057468778 0.26839604967608033 0.03513318850624191 0.010677600529609003
6 0.7251061450561735 0.3509047810412407 0.18443128187506416 0.2106399377204681
9 0.9818539032454074 0.13104327922701936 0.033974183503301364 0.011648291486846126
9 0.9960230791481989 0.11162946008227571 0.007953841703602525 0.04659316594738465
9 0.9683583868669393 0.08542080423687186 0.06328322626612139 0.021355201059217958
0 0.9863161695758275 0.23733393904449038 0.027367660848345025 0.05921214839146796
