9 0.07687338501291964 0.054909560723514154 0.1511627906976739 0.02044172155250644
2 0.18863049095607234 0.055555555555555546 0.07751937984496124 0.023255813953488372
2 0.5813953488372092 0.054909560723514196 0.07751937984496124 0.021963824289405676
2 0.9069767441860465 0.05878552971576226 0.07235142118863049 0.029715762273901807
2 0.9063307493540051 0.11950904392764858 0.07105943152454781 0.024547803617571057
2 0.6311369509043928 0.15633074935400518 0.01937984496124031 0.06976744186046512
11 0.2467700258397933 0.44832041343669254 0.06459948320413435 0.03875968992248062
11 0.08591731266149871 0.44961240310077527 0.07881136950904394 0.03359173126614987
11 0.47093023255813954 0.4483204134366925 0.07881136950904394 0.028423772609819126
11 0.6459948320413436 0.4476744186046512 0.06718346253229975 0.037467700258397935
9 0.16989664082687317 0.44980266594288537 0.1046511627906976 0.031538690233617134
9 0.35034453057708836 0.45006890611541556 0.16322136089577927 0.030248242618962043
9 0.5594315245478029 0.44965000625362445 0.12144702842377292 0.03108295824368886
9 0.7118863049095592 0.4496500062536247 0.08527131782945739 0.03108295824368894
9 0.02713178294573655 0.4496124031007725 0.0542635658914731 0.03359173126614969
9 0.3546511627906977 0.24935400516795841 0.017707329612932844 0.3850129198966398
9 0.755167958656331 0.2480620155038759 0.01937984496124034 0.38501291989664016
9 0.7519379844961233 0.48966408268733863 0.028423772609819115 0.09302325581395378
9 0.8746770025839794 0.5213178294573644 0.25064599483204114 0.02713178294573643
9 0.9496124031007753 0.4192506459948321 0.020671834625323005 0.19509043927648573
6 0.8080792420327307 0.3313953488372095 0.09161068044788984 0.23643410852713184
5 0.009609840476648084 0.13720716680547543 0.019219680953296167 0.05232024259508398
5 0.33260725649731987 0.16870608836782197 0.03096504153586605 0.04698144233027952
5 0.38332585901296257 0.17724816879150918 0.03843936190659233 0.04698144233027955
5 0.7314156362782154 0.17351100860614602 0.03203280158882685 0.045913682277318645
10 0.7255429559869307 0.12652956627586648 0.04164264206547503 0.033100561641787866
10 0.3262006961795545 0.12386016614346423 0.04164264206547506 0.027761761376983354
0 0.6924423943451425 0.22422961112178855 0.11211480556089437 0.055523522753966686
0 0.2914984944583253 0.22476349114826916 0.11104704550793346 0.05659128280692761
1 0.25252525252525254 0.08381916415743053 0.033100561641787866 0.04804920238324043
1 0.6518675123326285 0.08381916415743053 0.03523608174770962 0.04804920238324043
4 0.5135925854741921 0.12866508638178828 0.04271040211843597 0.05232024259508403
4 0.13080060648771008 0.08809020436927413 0.04804920238324043 0.04377816217139686
7 0.01174536058256988 0.24505093215452622 0.02349072116513976 0.045913682277318645
7 0.38332585901296246 0.25839793281653745 0.04271040211843589 0.04911696243620134
9 0.3225761490877761 0.054571513890409325 0.2052351563556632 0.019914188089717587
9 0.41802806073419085 0.07787560859727934 0.016479405552027652 0.05324625211031266
9 0.47942426377944286 0.09800242249359567 0.11958912593162012 0.015411645499066857
9 0.5354816665598908 0.07314156362782151 0.020287441006257182 0.06086232301877123
9 0.3875968992248064 0.10143720503128531 0.053388002648045656 0.010677600529608993
9 0.8216413607534118 0.12012300595810096 0.11852136587866006 0.022422961112178844
9 0.8130992803297246 0.05872680291284931 0.11852136587866006 0.02776176137698334
9 0.6855019540008973 0.05552352275396664 0.14307984709676083 0.019219680953296146
9 0.2317039314925149 0.2231618510688278 0.012813120635530756 0.074743203707263
2 0.23179469109701675 0.1531274691951225 0.01937984496124031 0.06976744186046512
9 0.23223781151899509 0.09449676468703949 0.01388088068849167 0.06726888333653656
9 0.32299741602067167 0.0832852841309501 0.01388088068849167 0.046981442330279545
9 0.33474277660324164 0.1019710850577659 0.028829521429944358 0.009609840476648097
9 0.6310461912998906 0.09449676468703952 0.014948640741452286 0.06726888333653659
9 0.7223396758280469 0.08275140410446964 0.009609840476648023 0.04804920238324042
9 0.7340850364106173 0.1014372050312854 0.02882952142994461 0.008542080423687133
9 0.9673906079825738 0.057125162833408016 0.05765904285988852 0.026694001324022464
9 0.9615179276912893 0.09823392487240266 0.02455848121810058 0.0640656031776539
9 0.9556452474000041 0.12065688598458145 0.034168321694748975 0.021355201059217968
9 0.2925662545112863 0.25466077263117415 0.1217246460375427 0.01388088068849167
9 0.03096504153586606 0.08061588399854784 0.010677600529608984 0.04804920238324042
9 0.016550280820893926 0.10197108505776584 0.03310056164178785 0.00747432037072629
9 0.6315800713263715 0.22209409101586694 0.013880880688491672 0.07687872381318467
9 0.6903068742392213 0.25519465265765434 0.12279240609050421 0.012813120635530797
6 0.8999310938845827 0.33139534883720956 0.09161068044788984 0.23643410852713187
