11 0.09075960450167635 0.6044434349258493 0.07862596753621161 0.03785694733224997
11 0.2858684869063496 0.6005606710969005 0.12133636965464756 0.0359155654177756
11 0.6178447942814652 0.6015313620541377 0.13104327922701933 0.0359155654177756
11 0.8842994620430712 0.6034727439686121 0.06406560317765386 0.03785694733224997
2 0.17957782708887837 0.9786447989407822 0.07183113083555137 0.021355201059217944
2 0.03688625637501284 0.9805861808552564 0.07377251275002568 0.02135520105921794
2 0.8755632434279369 0.8354678827482981 0.0718311308355512 0.018443128187506538
2 0.9148762271960423 0.9815568718124937 0.07668458562173727 0.023296582973692324
7 0.38876172837349077 0.9393318151726766 0.04368109307567309 0.04562247499014746
7 0.5464990089245325 0.9524361430953783 0.044651784032910286 0.04271040211843589
5 0.6023137389656703 0.9529214885739969 0.049505238819096194 0.03979832924672435
4 0.6896759251170166 0.9495240702236668 0.04562247499014746 0.050475929776333396
9 0.1766657542171668 0.6020167075327565 0.10871738721056427 0.031062110631589857
9 0.4183678025692241 0.8053764630739464 0.01747243723026924 0.3892470738521076
9 0.46641700495246513 0.9359343968223464 0.06115353030594237 0.009706909572371863
9 0.49262566079786896 0.9553482159670904 0.010677600529608975 0.04465178403290967
9 0.8221752407798917 0.8141126816890802 0.029120728717115442 0.055329384562519325
9 0.9752473805904515 0.9830129082483496 0.04950523881909537 0.018443128187506548
9 0.8124683312075203 0.700541839692331 0.009706909572371707 0.17957782708887698
9 0.4329281669277818 0.8044057721167093 0.01747243723026924 0.3892470738521076
9 0.02863538323849686 0.6029873984899943 0.05727076647699371 0.03106211063158987
9 0.4484592222435771 0.602016707532757 0.21743477442112882 0.03106211063158987
9 0.7692725836104652 0.6029873984899943 0.17957782708887873 0.031062110631589878
9 0.9568042524029452 0.6029873984899937 0.0863914951941088 0.031062110631589854
9 0.9842806306385004 0.7252944591018796 0.009706909572373683 0.22908306590797184
9 0.9464236833062504 0.8359532282269168 0.0795966584934489 0.009706909572371997
9 0.23442186617277902 0.9781594534621635 0.053388002648044906 0.01456036435855778
9 0.11017342364641994 0.9791301444194005 0.08250873136516032 0.01456036435855777
9 0.2562624127106156 0.9868956720772979 0.009706909572371787 0.026208655845403973
9 0.0834794223223975 0.9868956720772978 0.021355201059217937 0.02620865584540395
9 0.656672432570953 0.9815568718124937 0.4416643855429172 0.017472437230269325
