9 0.048534547861859005 0.6170624173699327 0.09706909572371801 0.03397418350330121
9 0.25917448558232714 0.6170624173699326 0.12618982444083343 0.03009141967435263
9 0.5159222437715614 0.6165770718913138 0.26499863132575013 0.031062110631589812
11 0.14511829810695842 0.6160917264126955 0.11551222391122447 0.035915565417775575
11 0.35139012651985946 0.618518453805789 0.07377251275002546 0.036886256375012784
11 0.6984121437321512 0.6160917264126958 0.11357084199675023 0.03203280158882697
11 0.9100227724098566 0.6194891447630255 0.07668458562173729 0.03882763828948716
2 0.4193384935264618 0.907784359062468 0.017472437230269276 0.0718311308355515
2 0.977000448459222 0.9087550500197051 0.016501746273032022 0.0718311308355515
2 0.8459571692322027 0.9927198178207212 0.0747432037072629 0.01456036435855753
2 0.2965460874359585 0.9932051632993398 0.07668458562173726 0.013589673401320682
5 0.5309679536087377 0.9097257409769424 0.03300349254606411 0.044651784032910286
5 0.08493545875825328 0.9665111619753175 0.04368109307567312 0.03979832924672435
5 0.643082759169632 0.966996507453936 0.04368109307567309 0.03882763828948731
0 0.4882575514903017 0.8393506465772467 0.12036567869741037 0.05921214839146794
7 0.025237964888166688 0.9048722861907567 0.042710402118435936 0.044651784032910286
7 0.581443883385071 0.9058429771479938 0.04659316594738465 0.044651784032910286
4 0.7289889088851225 0.9650551255394617 0.04659316594738465 0.050475929776333396
4 0.1722976449095995 0.964569780060843 0.04950523881909621 0.051446620733570564
1 0.4402083491070612 0.9674818529325547 0.03591556541777567 0.04756385690462183
10 0.48777220601168325 0.9689378893684106 0.03203280158882694 0.04853454786185874
9 0.5547498820610484 0.8079568055466576 0.016501746273032015 0.36855533359088993
9 0.48243340574687854 0.8087738814242756 0.13783811592767956 0.011648291486846091
9 0.4203091844836993 0.8437187558848146 0.01358967340132055 0.07959665849344896
9 0.522231734993603 0.9689378893684107 0.00970690957237179 0.044651784032910175
9 0.5319386445659748 0.9514654521381415 0.031062110631589743 0.00970690957237157
9 0.41933849352646235 0.9655404710180808 0.01358967340132055 0.05532938456251924
9 0.587268029128494 0.9504947611809049 0.058241457434231335 0.00970690957237157
9 0.6125059940166608 0.9689378893684107 0.00970690957237179 0.04465178403291017
9 0.055329384562519277 0.9689378893684107 0.00970690957237179 0.04465178403291017
9 0.031062110631589746 0.9504947611809047 0.058241457434230766 0.009706909572371566
9 0.1344406975773495 0.9941758542565746 0.268881395154699 0.011648291486847278
9 0.5717369738126993 0.9941758542565746 0.48534547861858934 0.011648291486847269
9 0.9342900463407859 0.9689378893684105 0.09998116859542945 0.017472437230269353
9 0.8935210261368237 0.980586180855256 0.016501746273032473 0.03882763828948829
9 0.9760297575019856 0.9805861808552563 0.016501746273032126 0.038827638289486724
9 0.9774857939378405 0.8422627194489585 0.013589673401320461 0.07862596753621165
9 0.9854396356414423 0.808288535945657 0.029120728717115442 0.010677600529608899
9 0.9770004484592221 0.948068033787811 0.014560364358557646 0.026208655845403737
9 0.8134390221647573 0.6175477628485511 0.12813120635530784 0.0330034925460641
9 0.9707851142600326 0.6170624173699324 0.058429771479935576 0.032032801588826924
