9 0.9769530000000001 0.2375 0.0179687 0.0140625
11 0.7667969999999998 0.10390600000000001 0.028906299999999992 0.20781300000000003
6 0.810547 0.932422 0.0960938 0.133594
9 0.964063 0.24648399999999998 0.065625 0.0148437
9 0.984375 0.485156 0.03125 0.0203125
9 0.0167969 0.970312 0.030468800000000004 0.059375
6 0.7105469999999999 0.9300779999999998 0.0960938 0.13671900000000003
9 0.964063 0.383203 0.0625 0.0179687
2 0.660547 0.8238279999999999 0.022656300000000004 0.07109380000000001
9 0.761719 0.760938 0.20625 0.0203125
9 0.9777340000000001 0.435547 0.0148437 0.0992187
9 0.669922 0.771484 0.0382813 0.0398437
9 0.868359 0.864844 0.0335938 0.267188
9 0.975667766883139 0.11406299999999998 0.0142891662337246 0.13124999999999998
9 0.659375 0.9250000000000003 0.01875 0.15
9 0.9410160000000001 0.3125 0.0148437 0.13750000000000004
9 0.218359 0.9539059999999999 0.0351562 0.0921875
9 0.11992200000000003 0.926562 0.23203100000000002 0.0328125
9 0.7636720000000001 0.49531299999999995 0.0320312 0.04375
9 0.763672 0.251563 0.0351562 0.10781299999999999
6 0.8256820878226522 0.0643918409098383 0.0965877613647574 0.040474871429041215
6 0.9218099074666251 0.02667661980550444 0.10118717857260302 0.05335323961100888
9 0.7939461090885176 0.2520480629899384 0.03679533766276462 0.007359067532552975
9 0.9172104902587793 0.2520480629899384 0.0386351045459031 0.009198834415691198
2 0.8537385327905105 0.2520480629899382 0.09382811104004983 0.01287836818196762
2 0.7677294310037978 0.35967442565352525 0.03219592045491902 0.11590531363770891
11 0.7649697806790905 0.4475232943233766 0.0303561535717806 0.06715149123454628
