9 0.13046900000000006 0.8023430724066742 0.010937500000000003 0.20937785518665158
9 0.7161546055626999 0.6483607115231602 0.19750571072765308 0.012653076953673079
2 0.9375 0.572266 0.015625 0.0648438
9 0.9662070961920908 0.03515619999999994 0.06758580761581452 0.012499999999999973
9 0.425504932715254 0.6473884903310702 0.027573365430510446 0.011473219337856458
5 0.9583179327152546 0.7414059999999998 0.028676634569488817 0.035937499999999935
2 0.8460940000000001 0.645312 0.0671875 0.01875
2 0.277344 0.6460940000000001 0.065625 0.017187500000000005
2 0.4021442211920911 0.02691485576158156 0.057413942384183646 0.01537951933785707
9 0.5703119999999994 0.6835177115231628 0.09218749999999985 0.011090576953672897
9 0.9812499999999997 0.5097660000000002 0.0375 0.0148437
2 0.3843750000000001 0.644922 0.0671875 0.0179687
9 0.22421899999999997 0.6691410000000002 0.010937500000000003 0.05078119999999999
2 0.822036134569487 0.19179699999999922 0.015302930861018409 0.06717168476836691
9 0.23437499999999964 0.6471510672847445 0.02968749999999996 0.011948365430509549
9 0.6052777788079069 0.1033624230463262 0.013035719337856204 0.0838999539073465
9 0.330469 0.647266 0.053125 0.011718800000000003
9 0.43476600000000004 0.671094 0.010156200000000002 0.04999999999999998
9 0.0375 0.672266 0.009375 0.053906300000000004
9 0.27305341377515135 0.49753350966892484 0.1960801724496914 0.012254519337857855
9 0.5415780297505652 0.9214031592946834 0.2081570595011303 0.03594456555995442
9 0.603125 0.4964840000000001 0.12343799999999999 0.010156200000000002
2 0.517969 0.49609400000000003 0.0671875 0.01875
9 0.7202657981457644 0.4969512884768358 0.1170955962915311 0.011090576953673709
9 0.9499151539073424 0.5219501446361722 0.033440623046326654 0.0376241341717331
9 0.936719 0.6214839999999999 0.010937500000000003 0.04921880000000001
9 0.6052458537728049 0.24570299999999828 0.29330470754561544 0.025781199999999758
9 0.905078 0.6472659999999998 0.0664062 0.013281300000000001
9 0.31620752662025414 0.23950825767415193 0.2855398532405112 0.01160878465169204
2 0.398438 0.49570299999999995 0.0671875 0.0195312
9 0.41245379814576455 0.14691364423841768 0.1157174037084681 0.012729565430510204
11 0.2608599420746606 0.9191409999999999 0.08358898962669692 0.04765620000000001
9 0.621875 0.665234 0.012499999999999995 0.0429688
9 0.13203099999999998 0.6900789565559953 0.19375 0.022345113111990927
9 0.02109379999999997 0.9217171013693438 0.040624999999999946 0.03688489178393519
9 0.5284773557615783 0.7989966921853042 0.011795288476836313 0.21895092264857138
9 0.359022644238418 0.0896985806621424 0.011948365430510121 0.12060303867571337
11 0.8725797115231617 0.9203129999999988 0.08060596172203964 0.049999999999999795
11 0.6845310434440052 0.919141927593325 0.08405920273868837 0.050778844813348246
9 0.33046900000000023 0.9214022317013577 0.07656250000000007 0.03688253659728516
9 0.7789059999999999 0.9221842317013575 0.12343799999999995 0.03844503659728464
9 0.952733999999997 0.9211541732452027 0.09453129999999961 0.03737865350958906
9 0.16757800000000012 0.9223402027386881 0.12265600000000004 0.0365690945226238
11 0.07607964772058975 0.9191409999999998 0.08358898962669692 0.04765620000000001
9 0.02854081668811232 0.648083273697297 0.027483749403367425 0.012684807416938755
9 0.47849912422785773 0.6900136093255091 0.09725019019653233 0.024664903310714217
9 0.330157348601986 0.7791596170056598 0.013389518940101914 0.2593338405240879
11 0.4029987899402789 0.920551350639651 0.08053564512287219 0.04514115262804147
3 0.05567221032989811 0.8555341377515301 0.03382615311183682 0.031007307019183812
3 0.20154749562469448 0.8347451478182135 0.03382615311183682 0.031712018542347085
3 0.45876720157928685 0.8139561578848971 0.03382615311183682 0.031007307019183812
3 0.26180033085515375 0.753703322654438 0.03453086463500011 0.03734971072765319
3 0.29633119549015374 0.7537033226544377 0.03453086463500011 0.03734971072765319
3 0.3632787901906642 0.7537033226544376 0.03453086463500011 0.03734971072765319
3 0.39780965482566427 0.7537033226544377 0.03453086463500011 0.03734971072765319
3 0.27483749403367397 0.8361545708645387 0.04228269138979634 0.03734971072765312
3 0.3854772031703066 0.8361545708645376 0.04228269138979686 0.03734971072765307
8 0.3770206648923481 0.7956336582826521 0.08597480582591864 0.04369211443612255
8 0.2829416765500517 0.7959860140442337 0.08667951734908184 0.044396825959285915
3 0.14904648714903085 0.7258672174894882 0.026074326357040864 0.05214865271408086
3 0.1131061994677042 0.7251625059663249 0.02748374940336735 0.05214865271408132
3 0.1314286990699493 0.6561007766963255 0.131781054831531 0.023960191787551075
3 0.5376948921735728 0.6561007766963255 0.13248576635469425 0.023960191787551075
5 0.20260456290943907 0.7142394773572945 0.03312144158867353 0.027483749403366863
5 0.06025283523045905 0.7135347658341311 0.03312144158867353 0.027483749403366863
5 0.4577101342945417 0.7142394773572943 0.03312144158867353 0.027483749403366863
3 0.5112682100549502 0.7251625059663249 0.026074326357040864 0.05214865271408086
3 0.6835701774683686 0.7107159197414761 0.04228269138979686 0.03734971072765307
3 0.7547460413078586 0.7114206312646394 0.04228269138979686 0.03734971072765307
5 0.9066257231808669 0.7603980821244892 0.034530864635000186 0.03241673006551025
5 0.9013403867571423 0.6885175067618359 0.03382615311183682 0.03382615311183667
9 0.9319953380147432 0.732914332721121 0.02466490331071425 0.16490249642020388
9 0.9369283186768856 0.8587053396057638 0.011980095893775498 0.09795490171969214
5 0.9608885104644385 0.670899718682754 0.03171201854234702 0.03241673006551025
3 0.848839378281479 0.8375639939108668 0.033121441588673466 0.03171201854234702
3 0.611351594975458 0.5264338564342843 0.10218317085867376 0.023960191787551075
9 0.6627955361663741 0.5183296739179062 0.009161249801122505 0.03875913377397889
9 0.6719567859674989 0.5355951062354067 0.028893172449693874 0.008456538277959167
9 0.7751970241109143 0.5345380389506588 0.09584076715020796 0.007751826754795352
9 0.9270623573526016 0.532423904381172 0.01902721112540813 0.013389518940102112
9 0.9383377417232138 0.4630098193495902 0.0105706728474491 0.0887936519185717
3 0.9548984625175505 0.47957054014392697 0.028188460926530663 0.052853364237245015
2 0.9376330302000507 0.3890151094174471 0.01479894198642855 0.06342403708469405
3 0.6159322198760191 0.46582866544224316 0.0380544222508164 0.03382615311183682
3 0.6159322198760189 0.4298883777609166 0.0380544222508164 0.03382615311183682
3 0.7026117372250984 0.4492679446479058 0.03805442225081626 0.04157797986663374
3 0.7646263512634686 0.4214318394829574 0.026779037880204082 0.052148652714081735
3 0.7646263512634683 0.4693522230580595 0.026779037880204082 0.052148652714081735
8 0.6582149112658151 0.45102972345581466 0.04510153748244913 0.0873842288722452
3 0.6635002476895392 0.3280575626638242 0.03312144158867291 0.03453086463500005
5 0.4848558765676515 0.32876227418698784 0.031007307019183812 0.03171201854234707
5 0.4862652996139781 0.3900721767021921 0.032416730065510234 0.03171201854234706
5 0.4320025123304064 0.31678217829321226 0.032416730065510234 0.03171201854234706
5 0.434116646899896 0.3809109269010696 0.031007307019183812 0.03171201854234707
3 0.2572340545859162 0.5250244333879577 0.10006903628918395 0.023960191787551075
3 0.24067333379157943 0.4415161178931106 0.03734971072765319 0.042987402912959286
3 0.3227722262401001 0.43517371418464107 0.03946384529714301 0.03453086463500004
3 0.3220675147169366 0.47040929034280443 0.03946384529714301 0.03453086463500004
8 0.28119424637346724 0.45138207921739637 0.04510153748244911 0.08667951734908184
3 0.25617698730117067 0.3210104474321914 0.03312144158867291 0.03453086463500005
9 0.4594862617337732 0.37315910014627307 0.021141345694897996 0.2572197059545914
9 0.4418684736546916 0.49754068398458884 0.026779037880203412 0.009865961324285726
9 0.4517344349789771 0.5204438084873959 0.03805442225081624 0.038759133773978806
9 0.7533509668928544 0.3238292935248442 0.01550365350959185 0.15292240052642758
9 0.7840059181504578 0.24032097802999733 0.06694759470051143 0.014094230463265302
9 0.8206509173549484 0.26569059286387536 0.011980095893775538 0.062014614038367534
2 0.8213556288781116 0.33404761061071225 0.016208365032755266 0.0859748058259186
2 0.8217079846396933 0.461248040541682 0.015503653509591906 0.12050567046091873
2 0.8787896180159166 0.5334809716659151 0.08315595973326756 0.014094230463265365
9 0.8224126961628554 0.3886627536558646 0.014094230463266924 0.03312144158867347
9 0.8298121671560693 0.5324239043811702 0.017617788079084814 0.010570672847448998
9 0.9696974045039788 0.34849419683555866 0.06060519099204176 0.010570672847448939
9 0.9379853859616232 0.1899435002774647 0.01268480741693861 0.18391091523832537
9 0.9369283186768875 0.34426592769657965 0.011980095893775538 0.011980095893775538
9 0.936928318676887 0.35554131206719186 0.011980095893775538 0.011980095893775538
2 0.936928318676887 0.30938270729999784 0.01479894198642855 0.06342403708469405
9 0.9686403372192334 0.1885103324461735 0.06271932556153251 0.028893172449693874
5 0.9837916349672434 0.16278836185071405 0.03241673006551298 0.028188460926530615
5 0.9813251446361713 0.21705114913428541 0.0345308646350038 0.0281884609265306
9 0.8220603404012726 0.2311453795975514 0.013389518940101937 0.015503653509591488
9 0.8219945673257749 0.11413507829152231 0.010176034394478301 0.10142208241365741
9 0.7121253427878025 0.14763706410270344 0.21634643761112504 0.011980095893775387
9 0.3594172254445898 0.015503653509591844 0.012684807416938672 0.031007307019183687
9 0.452791502263723 0.018322499602244944 0.035940287681326614 0.035235576158163355
9 0.4305930892840801 0.02854081668811231 0.012684807416938755 0.011980095893775545
9 0.36998789829203893 0.028540816688112303 0.012684807416938755 0.011980095893775545
9 0.5359474619969884 0.14129466039423508 0.14164701615581662 0.024664903310714345
5 0.5031783761698965 0.11733446860668399 0.03382615311183682 0.02607432635704089
5 0.5651929902082639 0.11733446860668399 0.03382615311183682 0.027483749403367407
2 0.6050091912669886 0.03417850887341845 0.014798941986428622 0.06271932556153077
2 0.8220603404012745 0.03417850887341845 0.014798941986428622 0.06271932556153077
2 0.936928318676887 0.0701187965547451 0.014798941986428622 0.06271932556153077
3 0.1885103324461739 0.42000806780530725 0.027483749403367407 0.05073922966775523
3 0.1885103324461739 0.4693378744267357 0.027483749403367407 0.05073922966775523
4 0.4288169618448477 0.26250504237831696 0.040168556820306164 0.040168556820306
4 0.4887174413137251 0.2751898497952558 0.040168556820306164 0.040168556820306
9 0.47780876133601796 0.4978930397461702 0.0267790378802034 0.010570672847449147
