3 0.07463849951211687 0.48125000000000034 0.030527999024233785 0.039062500000000014
9 0.0035156199999999997 0.271484 0.00703125 0.030468800000000004
6 0.272656 0.89375 0.101562 0.185937
6 0.165625 0.8980469999999999 0.104687 0.186719
9 0.09296870000000002 0.6851560000000001 0.0265625 0.0125
3 0.07226559999999999 0.366406 0.0335938 0.0375
3 0.27460900000000005 0.422656 0.0382813 0.03593749999999999
9 0.19218800000000003 0.535547 0.26875 0.013281300000000001
2 0.114844 0.759375 0.01875 0.0703125
9 0.338672 0.8300779999999999 0.0351562 0.336719
9 0.02539060000000001 0.29837506753255316 0.04765620000000003 0.03737443506510559
11 0.339453 0.6175779999999998 0.0351562 0.0820312
11 0.339063 0.413672 0.0390625 0.0804688
9 0.10976599999999999 0.896094 0.0179687 0.20781300000000003
9 0.15390599999999996 0.2994081840909838 0.07343749999999999 0.03631586818196755
2 0.0410156 0.6839840000000001 0.0820312 0.024218699999999992
9 0.226562 0.690625 0.20625 0.0203125
2 0.0335938 0.5343750000000002 0.065625 0.0203125
3 0.22968699999999997 0.366797 0.03437500000000001 0.0367187
11 0.22578099999999998 0.297656 0.0828125 0.04375
3 0.18945299999999998 0.36601600000000006 0.0351562 0.0382813
11 0.08320309999999999 0.298047 0.0820312 0.0445312
9 0.338672 0.33007800000000004 0.0367187 0.0992187
9 0.12070299999999999 0.701563 0.0398437 0.04375
9 0.338281 0.515625 0.0390625 0.12812499999999996
3 0.0265625 0.42304700000000006 0.0390625 0.0351562
9 0.30820299999999995 0.2977948834415693 0.09609379999999998 0.03777726688313809
3 0.151562 0.36601600000000006 0.03593749999999999 0.0382813
3 0.11292689545409702 0.3669358834415691 0.03593749999999999 0.0382813
8 0.15086088441733547 0.42444515735411165 0.21893225909345027 0.08002985941651332
3 0.11373354577880455 0.4812500000000003 0.03328764934894084 0.039062500000000035
3 0.15236865032470756 0.48125000000000034 0.03328764934894084 0.039062500000000035
3 0.1891639879874722 0.48125000000000034 0.03328764934894084 0.039062500000000035
3 0.2296388594165135 0.48033011655843116 0.03328764934894084 0.039062500000000035
