9 0.8671880000000001 0.271875 0.009375 0.0203125
2 0.18374566948714122 0.11362177683761907 0.07565168307715012 0.022352661025716803
9 0.977734 0.14257799999999998 0.04453119999999999 0.0148437
5 0.7894530000000001 0.303906 0.0367187 0.0390625
2 0.916016 0.139844 0.0804688 0.0234375
7 0.7093749999999999 0.30507800000000007 0.05000000000000002 0.0460938
5 0.7875 0.2593750000000001 0.046875 0.03125
9 0.026171900000000005 0.16054699999999997 0.0367187 0.010156199999999999
5 0.030078100000000007 0.20664099999999996 0.0351562 0.0460938
9 0.65625 0.155078 0.017187500000000005 0.0398437
9 0.14267944632476104 0.14453099999999985 0.011516407350477804 0.05937499999999996
9 0.6374999999999998 0.138281 0.05000000000000002 0.0203125
9 0.7719764463247598 0.1548761073504777 0.015422607350477324 0.0519389147009558
9 0.6129914463247598 0.32090589264952185 0.016203807350477516 0.3550642147009552
7 0.5841356694871407 0.23281199999999963 0.044227661025716423 0.04647021470095571
2 0.868359 0.23476599999999995 0.0148437 0.06953119999999999
9 0.23164100000000004 0.141797 0.011718799999999998 0.0460938
9 0.7152339999999998 0.17455877683761942 0.12578099999999998 0.01610266102571679
9 0.8242189999999993 0.13773833051285833 0.11718799999999988 0.019227661025716814
9 0.8417970000000001 0.018359400000000005 0.024218699999999992 0.0367187
9 0.964063 0.08398439999999999 0.0203125 0.11015599999999999
9 0.657812 0.307422 0.010937499999999998 0.05859380000000001
9 0.991016 0.392578 0.0179687 0.0367187
9 0.551562 0.152344 0.010937499999999998 0.0671875
0 0.676953 0.24804700000000002 0.117969 0.053906300000000004
9 0.007812499999999997 0.31298359259259256 0.014062499999999995 0.38690418518518527
9 0.639063 0.3343749999999999 0.046875 0.010937499999999998
9 0.7425642147009553 0.27856622316237983 0.257002429401912 0.010055053675238906
9 0.28710900000000006 0.14101599999999997 0.010156199999999999 0.0460938
9 0.07812499999999989 0.2960939999999999 0.1437499999999998 0.008970214700955551
9 0.826172 0.171484 0.010156199999999999 0.053906300000000004
9 0.8465854463247608 0.19492199999999982 0.050983692649522426 0.010156199999999987
9 0.578906 0.18203100000000003 0.0625 0.012500000000000004
0 0.07382809999999984 0.26528522316238035 0.12109399999999973 0.05632287572667234
9 0.2600181158119025 0.15976599999999977 0.0612127683761943 0.011718799999999984
11 0.39702502067183465 0.5093750000000001 0.12998804134366929 0.03437500000000002
11 0.9027339999999999 0.509766 0.12109400000000001 0.0335938
9 0.07499999999999991 0.11318055367523884 0.14843799999999985 0.020110107350477954
9 0.03945309999999999 0.139844 0.010156199999999999 0.04374999999999999
9 0.9773440000000001 0.508984 0.0453125 0.0335938
11 0.15898400000000001 0.5067760051679587 0.07890630000000001 0.03753033100775194
9 0.14257800000000004 0.264844 0.013281300000000001 0.06875000000000002
9 0.5703119999999999 0.5093347407407408 0.22968699999999997 0.03133101851851852
2 0.1423396694871412 0.20190277683761884 0.015321361025716568 0.06549548307714997
9 0.22773400000000005 0.39634899483204145 0.027343799999999994 0.04792681033591732
11 0.714453 0.5078119999999998 0.06484380000000002 0.03701954134366932
9 0.7957029999999999 0.508594 0.11171900000000001 0.0328125
9 0.06445309999999999 0.5089437407407407 0.12890599999999997 0.03367471851851834
9 0.26562500000000006 0.5093347407407408 0.146875 0.031331018518518515
10 0.07677283025421326 0.14207385828653263 0.03000317504187644 0.044122316238053544
1 0.12266003914178902 0.14472119726081586 0.03176806769139861 0.04588720888757573
9 0.41960322742388995 0.1133943527317978 0.4068077557148545 0.01853137281998253
9 0.6137414188713247 0.12486615495369156 0.01853137281998245 0.03794519196472568
4 0.3834229281086858 0.14560364358557698 0.04676965521233681 0.04765210153709781
5 0.49372871870382007 0.14383875093605486 0.04323986991329254 0.03882763828948722
9 0.6349413416223265 0.1780599915385741 0.0386739492314525 0.009852661025716747
10 0.6415384781012996 0.20031531572076336 0.04412231623805361 0.030003175041876436
1 0.8034673786949553 0.16987091751650638 0.030885621366637587 0.04676965521233669
4 0.8517490174401391 0.30532642836733104 0.04588720888757571 0.047652101537097716
9 0.9448471047024328 0.025149720255690573 0.046769655212336836 0.020296265469504672
9 0.983233519829538 0.02426727393092939 0.033532960340920875 0.018531372819982458
2 0.8870468704305826 0.02338482760616843 0.0723605986304079 0.02206115811902682
