11 0.03890786068264731 0.4480420657991447 0.07621127350209267 0.040913420511649756
11 0.21058378204525602 0.44844317776494536 0.0617712427332751 0.03690230085364487
11 0.40311752562949027 0.4508498495597481 0.11632247008214146 0.03529785299044295
11 0.6810881179292281 0.45044873759394766 0.11712469401374241 0.036100076922043874
11 0.8852819777810603 0.4476409538333443 0.07540904957049162 0.03690230085364487
2 0.1688681376020053 0.2013582068318448 0.06979348204928487 0.01604447863201953
2 0.03610007692204389 0.20055598290024385 0.07059570598088583 0.01604447863201953
2 0.06939237008348437 0.054551227348866325 0.0746068256388907 0.02246227008482731
2 0.7063581717746586 0.03610007692204389 0.015242254700418525 0.049737883759260464
5 0.6558180640837975 0.07300237777568876 0.04572676410125559 0.03208895726403901
5 0.6189157632301525 0.1171246940137424 0.03610007692204394 0.03690230085364487
5 0.34696185041742184 0.08583796068130436 0.04091342051164972 0.04011119658004876
5 0.29521840682915895 0.03529785299044292 0.04652898803285658 0.030484509400837065
7 0.43400314699612763 0.0846346247839029 0.04813343589605852 0.04091342051164974
7 0.5772001187869017 0.17769260084961605 0.040913420511649756 0.04572676410125559
9 0.2940150709317581 0.4504487375939462 0.11792691794534318 0.03128673333243794
9 0.12715249315875524 0.4488442897307444 0.11792691794534318 0.03128673333243794
9 0.5405262501281491 0.45044873759394655 0.172935009683992 0.03128673333243793
9 0.7933994683533656 0.4504487375939463 0.12354248546654918 0.03128673333243793
9 0.5415011538306578 0.22221602905347157 0.03208895726403898 0.43320092306452856
4 0.5784034546843032 0.2302382683694799 0.05455122734886626 0.04813343589605852
9 0.28880061537635116 0.21940824529286676 0.028880061537635105 0.045726764101255604
9 0.29602063076076 0.33853849913561196 0.011231135042413645 0.2021604307634465
9 0.12193803760334826 0.3208895726403908 0.011231135042413642 0.23745828375389014
9 0.23705717178808838 0.20095709486604385 0.0842335128181028 0.013637806837216574
9 0.10348688717652593 0.20095709486604454 0.07540904957049181 0.013637806837216613
9 0.15081809914098349 0.055353451280467286 0.10108021538172306 0.019253374358423392
9 0.19975375896864292 0.025270053845430754 0.02246227008482733 0.05054010769086151
9 0.3642096649468428 0.05581604643712798 0.3305162598196015 0.01857411680854289
9 0.018050038461021937 0.054150115383065814 0.036100076922043874 0.021660046153226305
9 0.6313502341699677 0.09105241623671072 0.16204923418339703 0.008824463247610737
9 0.5940468213505219 0.12394359743235078 0.008824463247610694 0.05695789914366916
9 0.7059570598088584 0.07260126580988827 0.012835582905615655 0.0361000769220439
9 0.5759967828895007 0.1484114273461804 0.04332009230645225 0.009626687179211701
9 0.5001866213532089 0.10148132734752328 0.05695789914366957 0.008824463247610725
9 0.5751945589578997 0.1484114273461804 0.04332009230645225 0.009626687179211701
9 0.347764074349024 0.02527005384543065 0.04412231623805352 0.008824463247610725
9 0.4737132316103757 0.08262906495490055 0.008824463247610694 0.04332009230645254
9 0.4745154555419767 0.030083397435036675 0.008824463247610694 0.04091342051164963
9 0.37263301622865286 0.03128673333243812 0.008824463247610694 0.04332009230645254
9 0.33091737178540187 0.03690230085364496 0.008824463247610692 0.02727561367443303
0 0.5832167982739089 0.04532565213545513 0.054551227348866235 0.09065130427091025
4 0.2839872717867454 0.0882446324761073 0.04492454016965461 0.044924540169654616
9 0.9578832435909495 0.44964651366234526 0.08423351281810133 0.031286733332437915
9 0.9695154905991633 0.23224382819848322 0.019253374358423406 0.416354220500908
9 0.988367752991786 0.0557545632462678 0.02326449401642789 0.020055598290024373
5 0.9895710888891869 0.1367791803379664 0.02085782222162524 0.05214455555406337
7 0.9895710888891875 0.2458816350356991 0.02085782222162524 0.05214455555406337
