2 0.6883081333136367 0.3412538185658591 0.10236377367228444 0.029120728717115373
2 0.7456671444231064 0.4731795441176394 0.022943604443787954 0.09353931042467367
11 0.5506465066509094 0.8663093817986975 0.10236377367228444 0.04500476256281465
11 0.7646397404054696 0.8658681586363169 0.08206750820277979 0.04941699418662026
5 0.4346048149448282 0.44891227018671 0.05029944051138119 0.060888796408514016
5 0.8811226552739311 0.49303458642476355 0.04323986991329262 0.06265368905803613
7 0.4346048149448283 0.5945159137722871 0.053829225810425416 0.060888796408514016
1 0.7730229804906996 0.3809639031801073 0.04235742358853153 0.05912390375899181
10 0.8731806383510815 0.4334694595033913 0.05735901110946964 0.040592530939009344
0 0.8272934294635056 0.5693661935165963 0.15089832153414348 0.07236059863040799
8 0.7496381528845312 0.7590921533402272 0.05912390375899181 0.06177124273327496
8 0.4756385690462182 0.740119557357864 0.14472119726081598 0.07500793760469118
3 0.5078478598999974 0.691585009496005 0.0538292258104255 0.029120728717115442
3 0.4407819392181558 0.6920262326583856 0.053829225810425416 0.030003175041876388
3 0.4398994928933947 0.7855655430830591 0.05206433316090332 0.02470849709330998
3 0.5078478598999974 0.7851243199206788 0.0538292258104255 0.02382605076854903
3 0.6693355373312737 0.7586509301778466 0.08912707880086837 0.14383875093605492
4 0.6102116335722818 0.3840524653167712 0.06265368905803613 0.0653010280323194
9 0.5153486536604653 0.3412538185658589 0.2541445415311908 0.02559094341807093
9 0.8264109831387405 0.3421362648906194 0.18619617452458254 0.025590943418070798
9 0.4765210153709791 0.37919901053058475 0.014119141196177163 0.06441858170755754
9 0.4412231623805357 0.40434873078627503 0.08294995452754185 0.01235424854665502
9 0.3975420693048611 0.6081938318060821 0.018531372819982427 0.5594709698985171
9 0.44740028665386133 0.8685154976105913 0.11824780751798084 0.03882763828948677
9 0.6600698509212788 0.8685154976105887 0.13942651931224825 0.038827638289486634
9 0.8577378276677595 0.8685154976105908 0.12001270016750328 0.038827638289486724
9 0.908478491341514 0.6086350549684614 0.020296265469502566 0.5585885235737547
9 0.866562290915372 0.3787577873682043 0.012354248546655112 0.06353613538279661
9 0.8824463247610713 0.4030250612991334 0.04235742358852887 0.009706909572371736
9 0.7462055198207805 0.3915967447193937 0.01750306759856661 0.0875153379928327
9 0.7458408725791447 0.5651688317385138 0.01823236208184019 0.09918404972521074
9 0.8213228515979636 0.6078325590100194 0.16627914218638218 0.01385659518219859
