9 0.7132809999999907 0.965002416623565 0.017187499999999932 0.0699951667528577
5 0.8339839999999998 0.7066410000000002 0.02734380000000001 0.0398437
9 0.38397818267547934 0.7500000000000003 0.08048083464904085 0.012524269298081292
2 0.2886719999999996 0.8723658893079851 0.06640619999999992 0.018168778615971493
9 0.012890600000000004 0.9878910000000001 0.011718800000000003 0.024218699999999992
2 0.314453 0.772266 0.0679687 0.0195312
9 0.043749999999999956 0.7523561902965774 0.007812499999999995 0.037474119406844114
2 0.5812499999999994 0.8744969203954364 0.06406249999999993 0.024444659209125433
9 0.878013862128895 0.4587473987382124 0.18459627574219442 0.025196782128127603
9 0.506641 0.751562 0.008593750000000002 0.0390625
9 0.05393208059315529 0.7367311902965757 0.02807323881368919 0.007786619406844376
5 0.14414100000000002 0.750781 0.0382813 0.03437500000000001
2 0.48306453980228126 0.8718749999999967 0.06446255723194178 0.020312499999999928
9 0.5477417830023326 0.7751384601977108 0.2674081046008372 0.015850859209126083
9 0.012890600000000004 0.9035160000000002 0.011718800000000003 0.05234369999999999
7 0.09453130000000001 0.697656 0.0375 0.04218749999999999
2 0.9183590000000001 0.8726559999999999 0.0679687 0.021875000000000006
2 0.7088709203954369 0.7746353805931525 0.06552147762737856 0.01953119999999994
2 0.748437999999999 0.7010589203954365 0.014062499999999983 0.057257159209125795
9 0.11862373009885918 0.7515619999999995 0.009626739802281507 0.042187499999999975
9 0.8675526194068433 0.7364664601977168 0.027292038813690193 0.006753579604562711
2 0.4199219999999999 0.7007809999999999 0.0148437 0.0578125
11 0.9832030000000002 0.45898399999999995 0.0335938 0.0335938
2 0.0125 0.9507809999999999 0.0140625 0.0578125
7 0.555469 0.6446572699011405 0.037500000000000006 0.03875899901140782
9 0.5425779999999991 0.9287807300988589 0.027343799999999963 0.01738757861597054
5 0.05156249999999999 0.701563 0.0296875 0.0390625
9 0.8260457300988587 0.7527339999999996 0.0072830398022813 0.035156199999999985
9 0.5329514601977181 0.6194311106920141 0.012246548902644507 0.29980022138402895
9 0.08867189999999998 0.89375 0.008593750000000002 0.0390625
9 0.749219 0.7464839999999999 0.010937500000000003 0.04921880000000001
2 0.32304699999999975 0.952873460197718 0.014843699999999994 0.05362857960456296
9 0.5453805845475229 0.8742443805931528 0.020176030904949353 0.020816079604562904
9 0.8544624781575395 0.7752647300988522 0.23170004368490169 0.016102699011406842
9 0.32382799999999995 0.9878910000000001 0.011718800000000003 0.024218699999999992
9 0.43645426990113956 0.938280999999998 0.016102699011407616 0.12343800000000017
9 0.323438 0.9027339999999998 0.010937500000000003 0.061718800000000004
5 0.5148439999999992 0.7015883805931548 0.028124999999999945 0.03901073881368848
9 0.06993479029657766 0.6210939999999999 0.013255319406844579 0.3109369999999999
9 0.8238279999999989 0.9863278749999995 0.013281299999999972 0.027344250000000805
9 0.582422 0.7511720000000001 0.008593750000000002 0.0398437
9 0.8522177300988573 0.6174612873308003 0.01431423980228137 0.30257642533839774
9 0.13393569323266155 0.8720012699011361 0.2586906135346723 0.015824978615970885
9 0.09882809999999999 0.910547 0.028906299999999992 0.008593750000000002
9 0.0722989952848622 0.4583414601977184 0.1445979905697244 0.027066079604562955
9 0.7344880796045621 0.89856326990114 0.03928845920912609 0.007508899011407333
0 0.47734399999999994 0.6441410000000001 0.101562 0.05234369999999999
9 0.878125 0.7523439999999999 0.0078125 0.0375
9 0.1425166815817466 0.7748737300988507 0.2850333631634932 0.01532139901140749
11 0.6273176194068443 0.4585939999999995 0.06088573881368971 0.028124999999999966
2 0.8238279999999988 0.9505426504942958 0.016406199999999975 0.05829019901140721
9 0.823828 0.900781 0.011718800000000003 0.0515625
9 0.560156 0.735547 0.0546875 0.010156200000000002
9 0.16718699999999997 0.8992190000000001 0.009375 0.0484375
9 0.5176043805931552 0.7359369999999977 0.028854438813688977 0.00937499999999998
9 0.0949219 0.735547 0.04921880000000001 0.010156200000000002
2 0.9527339999999999 0.7031250000000001 0.013281300000000001 0.0609375
9 0.800780999999998 0.8718749999999988 0.17716960197718376 0.01663215920912586
9 0.3863797611863103 0.8721529203954356 0.13817747762737828 0.01663215920912556
0 0.8003909999999975 0.6556206504942952 0.09765619999999994 0.04495713782509617
9 0.9540454601977175 0.7479085398022796 0.010659879604562954 0.04581607960456342
9 0.7490927300988591 0.6515629999999988 0.010130419406844499 0.05312499999999995
9 0.9728076504942951 0.8720134601977177 0.05438399901140717 0.015347279604562837
11 0.7628910000000001 0.45976600000000006 0.055468699999999996 0.0351562
9 0.142969 0.921875 0.053125 0.009375
9 0.4955506301026326 0.45863606737757195 0.20672626020526938 0.024864104058536715
9 0.03359379999999998 0.6179558097034221 0.06718749999999994 0.008290199011407946
9 0.6606854601977177 0.8748869203954363 0.10418392039543695 0.022604438813688496
9 0.4144530000000001 0.910547 0.0382813 0.008593750000000002
0 0.9039059999999973 0.6441531902965759 0.09420181841825213 0.04601605822053353
9 0.42226600000000003 0.6480319566886991 0.011718800000000003 0.06487408662260225
11 0.19036026990114066 0.4574219999999989 0.09735269901140758 0.032031199999999975
9 0.797782269901139 0.6302164601977163 0.10539085822053366 0.00881965920912567
9 0.47499999999999987 0.6187441826754799 0.115625 0.00783676929808208
9 0.9050526194068433 0.6187631902965769 0.10854223881368942 0.009349119406844245
11 0.36601599999999995 0.45976600000000006 0.0648438 0.0335938
9 0.954297 0.6476559999999999 0.011718800000000003 0.06406249999999998
9 0.659526650494294 0.929561730098858 0.10594669901140684 0.016328658220534295
9 0.28710318267547985 0.45781200000000005 0.10548063464904125 0.028125
9 0.6987149203954361 0.45806453980228107 0.09006965920912573 0.025503579604563127
9 0.4220869667986388 0.7403138037143363 0.011627740132193856 0.026356210966305887
9 0.4208013315465391 0.7593057792635856 0.014199010636393703 0.020929932237949124
9 0.3523205260054756 0.7647320579919432 0.016278836185071525 0.034883220396581975
0 0.030179231269951992 0.6438925364033513 0.060358462539903984 0.044474656608350066
10 0.014824885536116814 0.7503140361447628 0.024355169095049048 0.0349443730494182
4 0.2160197606691307 0.7481961953538888 0.03918005463116587 0.04235681581747655
1 0.4394519641063198 0.7505787662436219 0.025414089490485944 0.0375916740380106
10 0.4781025585397671 0.7511082264413403 0.024355169095049024 0.0365327536425734
5 0.5569921279998173 0.7106045213158784 0.03176761186310745 0.037062213840292034
10 0.8002790888514487 0.7519024167379179 0.02488462929276759 0.037062213840292034
1 0.7663936361974675 0.750843496342481 0.024884629292767455 0.03812113423572902
9 0.835785007543736 0.7364664601977168 0.027292038813690193 0.006753579604562711
5 0.8715756740380103 0.6997580174296603 0.02734380000000001 0.0398437
10 0.9040532876042662 0.7497845759470438 0.02488462929276759 0.037062213840292034
1 0.9379387402582476 0.7513729565401992 0.024884629292767455 0.03812113423572902
4 0.9729975299163578 0.8986083721369154 0.03706221384029215 0.040768435224321734
1 0.8072764880304797 0.8972847216426186 0.02541408949048598 0.03706221384029102
10 0.7743355391632443 0.8959155905173383 0.02488462929276759 0.037062213840292034
9 0.7519213024182703 0.8882758106159233 0.0072830398022812794 0.025625916441068642
0 0.7437412643042649 0.9777626716958234 0.048710338190098 0.044474656608352134
9 0.7106500019468613 0.9031087838175211 0.02064894771101973 0.055063860562717816
5 0.7326226001521787 0.9298465238023043 0.024355169095049024 0.03653275364257361
2 0.5831031106920134 0.928237130463858 0.05823843782509635 0.023915199011407214
9 0.5228785261444874 0.8721265398022766 0.026000093079852835 0.01658039802281601
9 0.5362244776273744 0.9054844813992433 0.017813516441068426 0.05974439443344978
9 0.3994155383725952 0.8945273669353615 0.008290199011408277 0.03895201149810724
10 0.3755016967910778 0.8954316109506039 0.024884629292767538 0.036532753642573114
1 0.3400278635439413 0.8962258012471815 0.02488462929276749 0.03812113423572807
5 0.41653486211425966 0.9497012812167465 0.025414089490486017 0.036003293444855186
4 0.23387109390139155 0.8980789119391964 0.037062213840291985 0.03865059443344664
10 0.06379995382507402 0.8956963410494635 0.02488462929276747 0.036003293444854895
1 0.029914501171092827 0.8967552614449005 0.024884629292767482 0.03706221384029138
9 0.11462813280604511 0.9372589665703618 0.014295425338398237 0.12548206685927632
5 0.1387185718022359 0.9428182986464064 0.03282653225854438 0.030708691467670537
5 0.09636175598475928 0.953142772501916 0.02541408949048596 0.03653275364257361
