11 0.4849042554562095 0.4500476256281472 0.11913025384274484 0.035297852990442864
2 0.963284320499562 0.4500476256281463 0.07343135900087568 0.03882763828948719
2 0.5303502411814046 0.055152895297567055 0.07765527657897438 0.023826050768548965
2 0.9628430973371813 0.08030261555325742 0.07431380532563729 0.022943604443787832
2 0.26517512059070236 0.05515289529756704 0.07324304495516903 0.02559094341807111
2 0.15575177632032933 0.3476838519558627 0.1032462199970455 0.026473389742832167
2 0.574913780581839 0.15575177632032935 0.018531372819982562 0.07324304495516903
2 0.9124494998029492 0.176048041789834 0.017648926495221394 0.06971325965612475
2 0.09089197145039048 0.26208655845403867 0.01941381914474361 0.10589355897132874
5 0.34371284349443776 0.13324939503892197 0.0379451919647261 0.04941699418662008
5 0.6755126616046012 0.16545868589270113 0.034415406665681846 0.04676965521233686
5 0.8683271835648957 0.19987409255838298 0.049416994186620114 0.0326505140161597
5 0.8290583221130278 0.2448788551211977 0.045004762562814785 0.03971008461424825
7 0.7266945484407435 0.32076923905064997 0.04147497726377043 0.048534547861858984
7 0.3445952898191989 0.2316421602497816 0.0414749772637704 0.048534547861858984
4 0.4676965521233685 0.08603851666420459 0.045887208887575824 0.05029944051138114
4 0.8939181269829669 0.24664374777071987 0.04765210153709793 0.05029944051138114
0 0.7619924014311863 0.18972595982363064 0.1156004685437005 0.056476564784708666
0 0.6353613538279724 0.22590625913883464 0.11648291486846162 0.05647656478470863
10 0.6146238651960857 0.08383240085230184 0.029120728717115383 0.04412231623805374
10 0.7258121021159823 0.14516242042319646 0.04323986991329262 0.03088562136663755
1 0.6693355373312737 0.1164829148684616 0.048534547861859026 0.03353296034092076
1 0.879357762624409 0.10942334427037302 0.034415406665681846 0.04765210153709793
9 0.08824463247610728 0.12310126230416964 0.021178711794265753 0.12971960973987767
9 0.18884351349886835 0.19325574512267285 0.24179029298453236 0.02294360444378766
9 0.07589038392945226 0.4288689138338813 0.021178711794265746 0.2100222252931353
9 0.04235742358853143 0.522849447420933 0.08471484717706286 0.025590943418070985
9 0.04059253093900928 0.3331234875973038 0.08118506187801856 0.020296265469504565
9 0.09398053358705423 0.387393936570111 0.027355836067593245 0.1588403384569931
9 0.3101798831535171 0.4098963178515183 0.0326505140161597 0.10677600529608984
9 0.364891555288703 0.44960640246576483 0.13854407298748872 0.029120728717115702
9 0.6181536504951297 0.44960640246576333 0.16325257008079558 0.03265051401615955
9 0.8171452967287505 0.44916517930338373 0.2382605076854887 0.033532960340920584
9 0.3137096684525613 0.33621204973396873 0.029120728717115404 0.04588720888757575
9 0.25282087204404713 0.3481250751182424 0.10148132734752367 0.0255909434180711
9 0.39621839981772067 0.054711672135186 0.20296265469504882 0.022943604443787725
9 0.37283357221155305 0.08162628504039915 0.011471802221894256 0.04853454786185895
9 0.3481250751182427 0.10104010418514253 0.05912390375899271 0.009706909572371773
9 0.3128272221277977 0.1261898244408326 0.02029626546950452 0.13766162666272683
9 0.311944775803038 0.2576743268302328 0.022061158119026737 0.1253073781160716
9 0.636685023315111 0.053829225810425055 0.14913342888461736 0.021178711794265698
9 0.5731488879323114 0.09398053358705404 0.01500158752093814 0.07147815230564696
9 0.6724240994679369 0.08736218615134614 0.04941699418662037 0.012354248546655011
9 0.6525690571608125 0.07191937546802736 0.009706909572372966 0.029120728717115362
9 0.7994963702335319 0.11471802221893945 0.132366948714161 0.019413819144743594
9 0.7412549127993009 0.09221564093753208 0.01588403384569936 0.03794519196472612
9 0.8564141581806212 0.08824463247610728 0.015001587520938267 0.03882763828948719
9 0.8925944574958237 0.07853772290373538 0.08736218615134611 0.01941381914474354
9 0.9133319461277024 0.11736536119322245 0.01588403384569924 0.06883081333136415
9 0.8100857261306631 0.2197291348655061 0.21884668854074854 0.012354248546655
9 0.7430198054488231 0.24752619409548093 0.010589355897132955 0.06618347435708045
9 0.7222823168169379 0.2748820301630742 0.050299440511381056 0.011471802221893937
9 0.6988974892107612 0.24708497093309817 0.01941381914474339 0.3812168122967792
9 0.5740313342570759 0.2201703580278869 0.015001587520939321 0.07853772290373588
9 0.6340376843408285 0.2541445415311881 0.12795471709035222 0.012354248546654885
9 0.7196349778426548 0.11913025384274482 0.03088562136663748 0.008824463247610737
9 0.720517424167415 0.08030261555325754 0.034415406665681825 0.019413819144743657
9 0.15178076785890438 0.05471167213518621 0.16942969435412616 0.021178711794265656
2 0.035297852990442816 0.0560353416223279 0.07059570598088563 0.023826050768548886
