2 0.15973494051771794 0.8023439999999985 0.06646861896456391 0.023437499999999986
7 0.758562940517717 0.9318520297411392 0.042249918964563635 0.03870305948228188
9 0.7933590000000001 0.9308589999999998 0.00859375 0.0414063
2 0.43437499999999996 0.9058589999999999 0.0765625 0.022656300000000008
5 0.954687 0.922266 0.0390625 0.0273438
2 0.071875 0.90625 0.07500000000000001 0.021875000000000006
5 0.3837032936784782 0.7767419702588579 0.03884371264304234 0.035578059482281384
5 0.6804690000000001 0.933594 0.0359375 0.0359375
2 0.6351559999999999 0.7984369999999998 0.0625 0.018750000000000003
9 0.995703 0.923828 0.00703125 0.0351562
11 0.982813 0.466016 0.034375 0.0320312
9 0.995703 0.832031 0.00703125 0.0546875
5 0.22968699999999997 0.9753909999999999 0.0390625 0.0414063
9 0.5830787620708707 0.7994300297411386 0.06040567585825442 0.011359359482282337
9 0.2538778151071024 0.906819970258859 0.3015056302142052 0.017609259482281682
9 0.004648382901901642 0.6328120000000002 0.007734265803803289 0.34112663564044376
2 0.5078826765803799 0.8015619999999976 0.06873408476836698 0.021874999999999957
9 0.017078106321521323 0.7622889702588587 0.02946861264304265 0.00823425948228257
5 0.02148439999999999 0.7221953234196197 0.028906299999999985 0.03998435316076066
5 0.634375 0.8882809999999999 0.04375000000000001 0.0265625
9 0.8824219999999999 0.989844 0.0429688 0.010937500000000003
7 0.8222659999999986 0.763851970258858 0.03628112528608509 0.04104685948228158
9 0.872513879368658 0.4664059999999994 0.19502805873731802 0.026562499999999996
9 0.26835900000000007 0.947656 0.0257812 0.009375000000000001
9 0.928906 0.939453 0.139062 0.010156200000000002
9 0.9035160000000001 0.81875 0.00859375 0.028125
2 0.36054700000000006 0.979688 0.0179687 0.040624999999999994
9 0.703905999999999 0.8494762044550551 0.009374999999999994 0.1088595910898884
7 0.43707794051771615 0.7211636765803787 0.03834361896456355 0.041890378446845906
9 0.10976600000000003 0.7746089999999998 0.011718800000000003 0.0492188
9 0.10962464683923924 0.6683589999999998 0.010437506321521219 0.06796869999999994
9 0.41054700000000005 0.7789060000000001 0.00859375 0.04375000000000001
9 0.9306254683923916 0.8018823234196161 0.13874906321521072 0.013703059482281931
9 0.9125 0.7792970000000001 0.009375000000000001 0.0398437
9 0.028515599999999995 0.7796880000000002 0.00859375 0.040624999999999994
9 0.7933590000000001 0.884766 0.00859375 0.0414063
9 0.27968699999999996 0.9300780000000001 0.009375000000000001 0.0398437
9 0.5499999999999984 0.8558986170980978 0.018749999999999968 0.10539076580380247
9 0.4643126468392347 0.6385392044550539 0.013843612643042447 0.32839193305185577
9 0.33197673852878945 0.8030543234196152 0.2905164770575796 0.017609259482281953
9 0.8179689999999995 0.8677579702588588 0.057812499999999975 0.008234259482281703
9 0.8992190000000001 0.967969 0.009375000000000001 0.0546875
9 0.683203 0.880078 0.0445312 0.00859375
9 0.4335940000000001 0.761328 0.0546875 0.010156200000000002
11 0.3500706765803801 0.4648439999999994 0.10254647212532468 0.03437499999999999
9 0.888952706321521 0.7613279999999989 0.05446871264304326 0.010156199999999982
11 0.7278046765803804 0.4660159999999993 0.10204717844684563 0.03203119999999994
9 0.816797 0.9472660000000002 0.0570313 0.010156200000000002
9 0.666016 0.891016 0.00859375 0.030468800000000004
9 0.6828129999999996 0.7996090000000002 0.049999999999999975 0.012000006321521184
9 0.19843699999999997 0.9308589999999998 0.009375000000000001 0.0429688
9 0.021484399999999976 0.9064610297411406 0.04140629999999995 0.017609259482281977
9 0.221094 0.947656 0.04999999999999999 0.009375000000000001
11 0.557422 0.46757799999999994 0.0679687 0.0367187
11 0.15820299999999998 0.467969 0.0695312 0.037500000000000006
0 0.05585939999999993 0.6645622936784786 0.10078099999999988 0.04799982528608546
2 0.10987529367847843 0.7282342936784775 0.01618741264304254 0.062281212643042316
9 0.3602266765803798 0.9370307658038028 0.011359359482281997 0.05531233160760657
9 0.8842657063215212 0.8289059999999994 0.04509361264304266 0.009374999999999994
9 0.06448425948228191 0.8029450297411393 0.12896811896456384 0.01682805948228202
9 0.05816398290190158 0.6369686468392403 0.11007776580380318 0.009156212643042814
9 0.245703 0.466016 0.117969 0.0273438
9 0.633594 0.465625 0.09375 0.0265625
9 0.46484399999999954 0.4657342936784783 0.1390619999999999 0.026343712643042125
9 0.06523445 0.4666566468392395 0.1304689 0.025062418964564123
10 0.0560565984334417 0.7768766079293513 0.027547814087291348 0.03779816351512059
1 0.09161249801122473 0.7771969313489709 0.028188460926530677 0.03843881035435999
4 0.3078308062544999 0.7749546674116334 0.04292333822903536 0.04420463190751407
9 0.5464717538711512 0.801861834659685 0.01793811149870218 0.014734877302504713
9 0.8594277348395587 0.7364448413551432 0.014734877302504477 0.5271103172897136
9 0.8472554448940123 0.7364448413551429 0.014734877302504437 0.5271103172897136
5 0.8209889244852061 0.8279863236642386 0.033954282479684864 0.039079457193599405
4 0.7274544859562637 0.8821209815799625 0.04164204455055673 0.046126572425232
9 0.6967034376727752 0.9080671785691493 0.29405689921085404 0.014734877302504454
9 0.5077126200971719 0.9067858848906752 0.08776861697578901 0.018578758337940687
9 0.2524148546602967 0.9541937509943865 0.015375524141743929 0.09161249801122516
5 0.2713139364178576 0.985265122697495 0.02626652040881266 0.02946975460500951
10 0.3059088657367813 0.9314507882013906 0.02626652040881266 0.03843881035435901
1 0.34242573557342326 0.9324117584602502 0.02626652040881264 0.04036075087207754
4 0.6262322853564484 0.9346540223975875 0.04036075087207788 0.043563985068274455
0 0.5810666831900753 0.8536121972338114 0.048689159782189295 0.10058155376057437
1 0.6800466198525528 0.8225408255307043 0.040360750872077904 0.028188460926530663
10 0.6822888837898903 0.8587373719477256 0.03972010403283918 0.02754781408729139
0 0.8888477733919754 0.886605509454638 0.04804851294295007 0.10122220059981482
5 0.9218410856128011 0.9618815130652595 0.029469754605009325 0.031391695122727395
7 0.9596392491279216 0.7760939296858527 0.03972010403283867 0.0352355761581634
10 0.934974345817207 0.825423736307281 0.02626652040881258 0.03779816351512021
1 0.9785383308854805 0.8267050299857601 0.03139169512272721 0.041642044550556506
2 0.9948748252860848 0.8827616284192003 0.010250349427830052 0.05765821553154009
