5 0.114453 0.8984379999999998 0.04453119999999999 0.0578125
9 0.117969 0.9539059999999999 0.04374999999999999 0.012500000000000002
9 0.10273399999999999 0.9742190000000001 0.011718799999999998 0.05156249999999999
0 0.06562499999999999 0.8062500000000001 0.12968799999999997 0.075
9 0.14296899999999998 0.7552740671834626 0.01875 0.47851486563307505
9 0.0714844 0.7648439999999997 0.138281 0.0140625
9 0.07705807416020667 0.5098859896640827 0.15411614832041334 0.03960352067183455
10 0.05620155038759691 0.9741602067183461 0.040051679586563325 0.05167958656330748
3 0.0665374677002584 0.6427648578811369 0.1330749354005168 0.15116279069767433
8 0.11627906976744186 0.7370801033591734 0.03875968992248062 0.040051679586563305
8 0.11563307493540055 0.5471576227390181 0.03746770025839794 0.04521963824289383
