5 0.7519529999999999 0.755859 0.0492188 0.0445312
8 0.625 0.582031 0.125 0.0625
9 0.5231240579253393 0.639063 0.07437311585067859 0.012500000000000006
2 0.457812 0.785937 0.09375 0.0265625
2 0.457422 0.639844 0.0773437 0.01875
9 0.410937 0.638672 0.0265625 0.011718800000000003
9 0.27460900000000005 0.736328 0.0382813 0.010156200000000002
9 0.33398399999999995 0.7884379710373302 0.16328099999999993 0.017500942074660818
3 0.8152339999999999 0.46484400000000003 0.0648438 0.1625
7 0.8235159855186651 0.6836719855186653 0.0514057289626697 0.05609332896266969
5 0.278516 0.6839839999999998 0.0382813 0.0539063
9 0.2519529999999999 0.5814116814106334 0.01953119999999999 0.4331353628212667
9 0.8578130000000002 0.5667970000000001 0.0171875 0.41796900000000003
9 0.39375 0.611328 0.0140625 0.0867188
9 0.8191409999999999 0.735156 0.0710938 0.012499999999999997
9 0.393359 0.7535159999999999 0.013281300000000001 0.0585938
9 0.7886719999999999 0.7574220000000002 0.010156200000000002 0.0507812
0 0.323047 0.60625 0.132031 0.065625
9 0.287891 0.759375 0.010156200000000002 0.04999999999999999
9 0.554688 0.5015619999999996 0.014062499999999986 0.28251318904524836
2 0.394922 0.6902340000000001 0.0195312 0.0789063
11 0.458203 0.3519530000000001 0.0898438 0.0460938
11 0.7085940000000002 0.34726599999999996 0.135937 0.0429688
9 0.328516 0.571484 0.149219 0.011718800000000003
9 0.3316409999999999 0.3493749710373303 0.17890599999999998 0.03406155792533933
9 0.683203 0.7871879855186653 0.361719 0.01781202896266969
9 0.817969 0.348437 0.103125 0.0359375
9 0.5718749999999998 0.3492969855186652 0.14687499999999998 0.033904786888009075
4 0.6532686883694404 0.753567807333245 0.057216233277148844 0.056278262239818605
8 0.7498797052144623 0.44919620571956 0.05346434912782767 0.05158840705316696
8 0.5261736128111836 0.4337196836036099 0.05065043601583665 0.08441739335972784
8 0.5261736128111837 0.5134472217766861 0.05065043601583665 0.08441739335972784
8 0.5261736128111836 0.5941127309870927 0.05065043601583665 0.08441739335972784
3 0.3428002750131081 0.4665486699101708 0.16414493153280404 0.13319188730090387
8 0.2757353458439908 0.550028092232568 0.033766957343891124 0.03939478356787287
8 0.27573534584399073 0.3849451896624336 0.033766957343891124 0.03939478356787287
3 0.6504547752574495 0.540648381859265 0.045960580829185076 0.024387246970588045
3 0.6054321654655945 0.5397104108219346 0.045960580829185076 0.024387246970588045
3 0.6504547752574495 0.6241278041816627 0.045960580829185076 0.024387246970588045
3 0.6054321654655948 0.6241278041816625 0.045960580829185076 0.024387246970588045
3 0.5866727447189884 0.755912734926571 0.08723130647171871 0.051588407053167036
1 0.37047042061435226 0.7568507059639014 0.037518841493212385 0.05346434912782767
10 0.3245098397851671 0.7568507059639011 0.03376695734389116 0.051588407053167036
