9 0.3426872936784784 0.5613279999999995 0.0443124126430424 0.011718799999999988
2 0.4643437063215209 0.2806800297411411 0.06149991264304256 0.017609259482282053
9 0.3775538587601563 0.5466950297411377 0.034079020408812076 0.038703059482282164
2 0.253516 0.6734369999999998 0.0679687 0.018750000000000003
9 0.6328119999999999 0.7542970000000002 0.012499999999999997 0.0601562
9 0.7272733234196086 0.7322893754360318 0.19479793305185247 0.0065152910898871605
9 0.20099202974114017 0.677351557615814 0.05270314051771756 0.01092158476836642
2 0.5687499999999998 0.6743282936784784 0.06406249999999997 0.020531287356957605
2 0.13664832341961958 0.5058589999999997 0.05923444683923937 0.01640619999999999
2 0.36367199999999955 0.22791397025885884 0.01796869999999997 0.0660467594822818
11 0.5414060000000003 0.9478980892234224 0.08437499999999998 0.04482832155315352
9 0.5115155278746727 0.5261013234196171 0.2864074051771786 0.010859265803803052
9 0.06600035574935037 0.37443758735695554 0.08831188850129806 0.010499825286084858
2 0.36523399999999995 0.325781 0.0164062 0.0671875
11 0.16242932341961946 0.946874999999996 0.08051520373293115 0.04999999999999984
9 0.10234399999999966 0.9503748847683664 0.04999999999999985 0.03703163678478558
9 0.36640599999999857 0.446077884768367 0.010937499999999975 0.17184276953673536
11 0.041468618964563955 0.9459140297411385 0.08293723792912791 0.04964055948228216
2 0.6292969999999997 0.8133516765803797 0.021093799999999958 0.06517141005445226
11 0.8929690000000001 0.947266 0.0859375 0.0460938
11 0.7079919702588572 0.9475467063215176 0.07773382901901715 0.048218612643043245
9 0.2027339999999999 0.5611876468392393 0.04609379999999998 0.012000006321521185
11 0.3996089999999999 0.9468749999999967 0.07987455689369179 0.049999999999999815
9 0.7997889702588552 0.9502345316076029 0.11560888476836678 0.03703163678478472
9 0.2812499999999993 0.9504445613487481 0.1687499999999997 0.037172289945547485
9 0.47035161709809786 0.9502345316076053 0.0717967658038031 0.03703163678478573
9 0.9644924170980967 0.9503042081879856 0.07101516580380285 0.03689108362402519
9 0.6238279999999997 0.9506245316076058 0.09921869999999983 0.03625043678478547
3 0.2267889810907238 0.9208801153539419 0.05125174713914664 0.028829107765770478
3 0.2748374940336739 0.9205597919343222 0.051251747139146646 0.028188460926530996
3 0.2492116204641008 0.868347074536317 0.04228269138979602 0.03651686983664206
3 0.23639868367931416 0.7863442791136821 0.033313635640445365 0.037798163515120727
3 0.2709936129982381 0.7863442791136821 0.033313635640445365 0.037798163515120727
8 0.25754002937421216 0.8286269705034779 0.08712797013654937 0.04548592558599273
3 0.06630694786127103 0.8279863236642387 0.03395428247968468 0.03267298880120592
5 0.06182241998659571 0.6790359335410936 0.03139169512272737 0.03203234196196665
5 0.13293421914216158 0.6764733461841359 0.03395428247968462 0.03203234196196627
5 0.33858185453798767 0.8065246545497209 0.03267298880120599 0.03331363564044533
5 0.33633959060065016 0.736053502233394 0.030751048283487993 0.03203234196196665
3 0.41321721130937034 0.8500886396179959 0.03203234196196665 0.034594929318923995
3 0.42603014809415696 0.7322096211979584 0.03843881035435999 0.042282691389796005
3 0.50963456061489 0.7097869818245818 0.03907945719359932 0.03587622299740266
3 0.5089939137756505 0.7437412643042665 0.03907945719359932 0.03587622299740266
8 0.4670315458054742 0.7238812122878457 0.04740786610371055 0.08712797013654988
9 0.3039869252190635 0.8878868031331157 0.012172289945547358 0.09609702588589922
9 0.31039339361145696 0.761038728963728 0.023703933051855364 0.1652868845237479
9 0.29629916314819194 0.6771139930233757 0.03139169512272737 0.011531643106308135
9 0.4263504715137755 0.6771139930233657 0.22871092160844284 0.011531643106307785
4 0.341464765314564 0.700497602655611 0.04228269138979595 0.04036075087207795
3 0.615661612509 0.7533509668928565 0.025625873569573326 0.05125174713914665
3 0.615661612509 0.7046618071106673 0.025625873569573326 0.05125174713914665
9 0.6326387537488418 0.8926916544274112 0.012172289945547372 0.09801896640361787
3 0.7225999186093685 0.8452837883237008 0.032032341961966804 0.03395428247968473
3 0.8930119778470313 0.7751329594269937 0.03587622299740266 0.03715751667588132
3 0.9276069071659553 0.7751329594269937 0.03587622299740266 0.03715751667588132
3 0.9061452380514363 0.857776401688866 0.04292333822903726 0.0371575166758813
8 0.9144736469615489 0.8170953273971702 0.08648732329731007 0.045485925585992584
5 0.7168340970562143 0.7527103200536169 0.032032341961966644 0.03203234196196636
5 0.7882662196313998 0.7511087029555186 0.03267298880120605 0.0313916951227271
9 0.6329093611158617 0.6988959855575132 0.011531643106308 0.053814334496104135
9 0.8190172679148856 0.7004976026556103 0.012172289945547381 0.0595801560492595
9 0.6181744838133567 0.6761530227645154 0.041001397711316855 0.010890996267068702
4 0.6559726473284774 0.7555932308301943 0.039720104032838634 0.042923338229035615
3 0.7293267104213814 0.6844814316746282 0.13261389572254204 0.023703933051855256
9 0.9612408662260181 0.809087241906678 0.012172289945547386 0.26522779144508346
9 0.8276660002446189 0.6764733461841363 0.029469754605009325 0.012812936784786663
9 0.9437012088930885 0.6771139930233757 0.08728423162884685 0.012812936784786509
9 0.7285546170980871 0.7098667360626552 0.19479793305185247 0.0065152910898871605
2 0.8711353081209652 0.675609587356957 0.06406249999999997 0.020531287356957605
3 0.4432778967010188 0.5553910935679023 0.09994090692133603 0.024344579891094655
3 0.5714072645488855 0.5553910935679022 0.09994090692133603 0.024344579891094655
2 0.2725455140437364 0.5611569151210563 0.10186284743905409 0.015375524141743997
9 0.18034208524587178 0.5257650594140325 0.009609702588590011 0.31294821664652184
9 0.08937023407388663 0.6508474726145593 0.17874046814777325 0.02306328621261419
9 0.021781992534137266 0.5108661382407678 0.02562587356957326 0.27227490667671533
9 0.011482955449443008 0.37443758735695404 0.02296591089888601 0.010499825286084816
9 0.06886953521822839 0.5060612869464729 0.08136214858339542 0.008969055749350655
9 0.17265432317500035 0.506061286946473 0.013453583624026133 0.01025034942782939
10 0.04900948320180897 0.6069631641266683 0.035235576158163244 0.02370393305185522
10 0.05029077688028764 0.5428984802027348 0.035235576158163244 0.02370393305185522
5 0.04676721926447135 0.46826312343135285 0.026907167248052023 0.03459492931892406
5 0.046767219264471346 0.4150894357744881 0.026907167248052023 0.03459492931892406
3 0.4513356982441107 0.5089441977230506 0.05061110029990741 0.026266520408812662
3 0.40328718530116064 0.5089441977230506 0.05061110029990741 0.026266520408812662
3 0.42186594363910035 0.4548095398073256 0.04164204455055669 0.037157516675881484
3 0.434678880423888 0.37248642096507245 0.0352355761581634 0.037798163515120727
3 0.3994433042657247 0.37216609754545277 0.03523557615816333 0.038438810354360066
8 0.4132172113093703 0.41380814209600947 0.08712797013654937 0.046126572425232
3 0.580746359770456 0.4134878186763898 0.03395428247968458 0.03267298880120599
5 0.5442294899338139 0.3148282054335323 0.03139169512272739 0.03139169512272732
5 0.6159819359286193 0.3116249712373358 0.03267298880120592 0.031391695122727326
9 0.5788244192527381 0.2859990976677624 0.15183330089972208 0.022422639373376727
9 0.49842324092820156 0.27927230585574947 0.010250349427829406 0.008969055749350665
9 0.4010449213638225 0.27959262927536915 0.0717524459948058 0.012172289945547324
9 0.36580934520565933 0.27710035417297774 0.011531643106307707 0.038938832684468204
5 0.5381433449610404 0.2604229401507892 0.03203234196196665 0.03139169512272737
5 0.6098957909558456 0.2572197059545926 0.03203234196196665 0.03267298880120604
3 0.5724179508603447 0.14158295147189276 0.03395428247968473 0.03203234196196669
3 0.43499920384350765 0.17745917446929546 0.03459492931892406 0.038438810354360024
3 0.3991229808461048 0.1771388510496758 0.03459492931892406 0.03779816351512069
8 0.4132172113093703 0.13517648307949945 0.08712797013654931 0.04484527874675336
3 0.4218659436391013 0.09513605562704106 0.04420463190751398 0.04036075087207803
9 0.3661296686252792 0.12844969126748643 0.010890996267068596 0.1403016577934141
9 0.37830195857082655 0.04612657242523203 0.03523557615816333 0.03459492931892402
9 0.41353753472898996 0.03427460589930436 0.04676721926447138 0.01217228994554734
9 0.5006655048655394 0.03395428247968469 0.014734877302504733 0.012812936784786679
9 0.5791447426723576 0.02818846092653066 0.15247394773896109 0.023063286212615986
2 0.4647892818681364 0.034915252738543595 0.06342403708469459 0.01857875833794064
3 0.18867049415598378 0.16400559084526944 0.024985226730334032 0.1306919552048241
3 0.2280702747692028 0.16400559084526947 0.024344579891094696 0.13197324888330275
3 0.2277499513495827 0.03459492931892397 0.023703933051855322 0.06918985863784793
3 0.18931114099522278 0.034915252738543616 0.023703933051855332 0.06983050547708723
3 0.07687762070872005 0.16432591426488913 0.025625873569573344 0.13133260204406344
3 0.03907945719359936 0.16400559084526947 0.02434457989109468 0.1294106615263454
2 0.1387000406953157 0.37317678385691033 0.0621427434062155 0.019860052016419324
9 0.17489658711233802 0.37477840095501 0.016656817820222734 0.011531643106308064
9 0.3654296445857528 0.0162489778532404 0.01089099626706858 0.0324979557064808
