9 0.7679689999999998 0.6849171550387596 0.014062499999999985 0.33161110335917293
8 0.6904899948320413 0.7916619948320414 0.1455830103359173 0.0744892103359173
9 0.8050629844961241 0.8425780000000002 0.08518653100775211 0.0148437
3 0.9695309999999999 0.641016 0.0609375 0.153906
9 0.9776952849205587 0.7634248800264803 0.04460943015888269 0.012213539947039102
7 0.4359369999999999 0.892187 0.0578125 0.0640625
9 0.964453 0.96875 0.0164062 0.0625
9 0.3976560000000004 0.7597957810077522 0.020312500000000032 0.48040843798449584
2 0.885938 0.842188 0.090625 0.025000000000000005
3 0.4468750000000001 0.621094 0.078125 0.179688
9 0.9640629999999999 0.8103969793281659 0.01772852067183434 0.09891795865633089
2 0.9650265201059217 0.8992972801588824 0.018385259788156548 0.09359343968223502
9 0.47695299999999996 0.973828 0.011718799999999998 0.05234369999999999
9 0.44179700000000005 0.952734 0.0789063 0.0148437
11 0.873828 0.5105470000000001 0.103906 0.0507812
11 0.599609 0.507422 0.158594 0.04921880000000001
9 0.957812 0.508203 0.08437500000000002 0.04140630000000001
9 0.458203 0.508203 0.141406 0.04140630000000001
9 0.7496089999999999 0.508203 0.161719 0.04140630000000001
5 0.5174418604651162 0.9741602067183461 0.05813953488372093 0.04909560723514212
4 0.6324289405684752 0.9696382428940568 0.060723514211886306 0.06072351421188633
3 0.6589147286821705 0.7435400516795866 0.05684754521963824 0.032299741602067174
3 0.7105943152454778 0.7435400516795866 0.05684754521963824 0.032299741602067174
3 0.6589147286821704 0.8372093023255813 0.05684754521963824 0.028423772609818817
3 0.709302325581395 0.8391472868217054 0.05684754521963823 0.02713178294573613
8 0.5213178294573644 0.624031007751938 0.060723514211886306 0.062015503875969
3 0.8029715762273901 0.6046511627906976 0.05813953488372093 0.09819121447028424
3 0.8016795865633074 0.695090439276486 0.05813953488372093 0.09819121447028424
3 0.8029715762273901 0.7894056847545218 0.05813953488372093 0.09819121447028424
9 0.9460781173254744 0.8414376321353061 0.03310056164178818 0.013880880688491925
3 0.9089147286821705 0.9728682170542635 0.09689922480620153 0.05426356589147285
