9 0.5466942428852944 0.9745723986114685 0.01651707440622565 0.017821053964611804
9 0.7444422412317526 0.988046854048127 0.5111155175364946 0.01695173425902114
9 0.546867103460782 0.8867711083467953 0.016951734259021346 0.03173016925406514
9 0.5470844333871797 0.7891899713942249 0.017386394111816618 0.03738074734040552
8 0.5653401472045873 0.9348010220806883 0.02347163205095231 0.09562516761499125
3 0.5883771194027438 0.9343663622278927 0.022602312345361485 0.02347163205095232
11 0.5464324436079865 0.934366362227893 0.018690373670202744 0.07041489615285693
11 0.545997783755191 0.839393184392095 0.020429013081384433 0.06998023630006144
11 0.5462151136815886 0.7387694284699567 0.018255713817407315 0.06954557644726618
3 0.6568360462180215 0.9658792015555601 0.07606547423919734 0.03520744807642848
3 0.7433333569243085 0.9350183520070859 0.023036972198156935 0.09432118805660489
9 0.6264098565223444 0.8852497988620172 0.14734969009764823 0.006085237939135777
9 0.7444200065562971 0.885249798862011 0.03042618969567886 0.006085237939135771
9 0.757025142287366 0.9330623826695068 0.006085237939135785 0.09997176614294614
9 0.8102709742548022 0.9000282338570552 0.03173016925406514 0.0060852379391359
9 0.8270053785874257 0.9445808687685848 0.005215918233544874 0.08128139247274234
9 0.8163562121939382 0.9719644394946961 0.020429013081384187 0.005650578086340385
9 0.8085323348436211 0.9767456978754459 0.0047812583807494875 0.011735816025476636
2 0.7144284767134136 0.8854671287884088 0.035642107929223864 0.009997176614294492
9 0.9917414627968871 0.8739486426893315 0.016517074406225275 0.0286875502844978
9 0.9917414627968875 0.9682698307459361 0.016517074406225275 0.03216482910686071
3 0.9078521112073737 0.9704431300099156 0.1573468667119375 0.023471632050952252
3 0.8130962632979722 0.9254558352455873 0.024340951756543206 0.04824724366029141
1 0.813096263297973 0.9591419738372318 0.02347163205095318 0.022602312345361825
2 0.7789754648535326 0.8989415842250666 0.03346880866524681 0.009127856908703722
3 0.6807423381217691 0.8515636602703666 0.0239062919037477 0.061287039244153234
3 0.622497917847184 0.8372198851281177 0.0239062919037477 0.02477561160933847
3 0.6227152477735817 0.8665594251918083 0.024340951756543085 0.024340951756543085
8 0.6520547878372719 0.8522156500495597 0.0239062919037477 0.04607394439631387
3 0.597939636164243 0.7935365699221787 0.016517074406225775 0.019125033522998214
3 0.5688174260269504 0.7935365699221787 0.016517074406225775 0.019125033522998214
3 0.5979396361642432 0.7544171831705917 0.016517074406225775 0.019125033522998214
3 0.5688174260269504 0.7548518430233869 0.016517074406225775 0.019125033522998214
8 0.5833785310955966 0.7733248867671924 0.05954839983297156 0.030860849548474373
5 0.6596613352611916 0.726816282518083 0.019994353228589112 0.03173016925406514
7 0.6179339893928318 0.69769407238079 0.02347163205095232 0.019559693375793594
4 0.6592266754083961 0.7776714852951463 0.021732992639770646 0.0239062919037477
9 0.6724838009186564 0.7394214182491504 0.006519897791931285 0.09779846687896859
9 0.6833502972385417 0.7192097350941637 0.021298332786975297 0.005215918233545
9 0.6924781541472455 0.7076912489950857 0.005650578086340381 0.026514251020520102
9 0.7220350241373343 0.6900875249568754 0.09432118805660657 0.011301156172680644
9 0.6748744301090309 0.6868275760609049 0.010431836467089877 0.017821053964611932
9 0.7631103802264999 0.6866102461345074 0.01130115617268077 0.01564775470063488
9 0.7728902269143967 0.6835676271649394 0.02825289043170181 0.009562516761498979
9 0.6133700609384808 0.6837849570913466 0.1308326156914204 0.009997176614294485
9 0.5473017633135777 0.698128732233586 0.016951734259021092 0.017821053964612286
9 0.4886226831861966 0.6863929162081142 0.1204007792243294 0.016951734259021148
9 0.4368981607035425 0.6816116578273603 0.01695173425902113 0.02825289043170182
9 0.4373328205563379 0.605546183588163 0.016951734259021148 0.0830200318839247
9 0.48644938392222004 0.5712080552173255 0.11431554128519357 0.01608241455343032
9 0.5473017633135773 0.5609935486766328 0.017821053964611932 0.019125033522998144
9 0.5901157588139255 0.5735986844077005 0.0947558479093999 0.011301156172680783
9 0.6761784096674173 0.5740333442604952 0.012170475878271542 0.012170475878271607
9 0.6846542767969289 0.6270618463015354 0.009997176614294483 0.1164888405491709
9 0.6900875249568709 0.573381354481302 0.018255713817408606 0.009997176614294462
9 0.7420293773659223 0.5733813544813021 0.02564493131492937 0.009127856908703722
9 0.7541998532441971 0.6268445163751375 0.009997176614294483 0.1160541806963749
9 0.719209735094165 0.6811769979745644 0.07563081438640092 0.008258537203112853
9 0.711820517596641 0.7844087130134756 0.07997741291435624 0.010431836467090012
9 0.7541998532441941 0.7696302780184315 0.012605135731067276 0.04085802616276887
9 0.7541998532441936 0.7057352796575057 0.011735816025476154 0.026079591167725198
10 0.717688425609379 0.7074739190686873 0.015213094847839363 0.026948910873315902
5 0.682480977532951 0.7342055000156053 0.015213094847839741 0.02390629190374814
0 0.7118205175966412 0.7655010094168762 0.07389217497522015 0.02738357072611107
2 0.7541998532441941 0.733336180310014 0.015213094847839495 0.03607676778201924
3 0.7702822677976242 0.7026926606879376 0.0239062919037477 0.017386394111816545
9 0.9141546790729064 0.8567795785039194 0.1716906418541874 0.011735816025475463
3 0.9063308017225886 0.8987242542986693 0.06128703924415325 0.07476149468081152
2 0.8265707187346303 0.8787299010700801 0.009562516761499107 0.033034148812451467
9 0.8291786778514028 0.7757155159575672 0.011301156172680644 0.17560258052934738
9 0.8270053785874255 0.6835676271649394 0.013909115289453211 0.012170475878271542
9 0.8289613479250052 0.6646599235683394 0.011735816025475965 0.03173016925406526
2 0.803533746536473 0.683784957091337 0.03911938675158707 0.014343775142248596
9 0.845261092404833 0.7478972853786605 0.025210271462133855 0.006085237939135771
9 0.90806944113377 0.7476799554522628 0.04390064513233683 0.006519897791931156
9 0.9282811242887569 0.7644143597848873 0.005215918233545103 0.03477278822363387
9 0.9161106484104856 0.7652836794904778 0.0060852379391359 0.032164829106861734
9 0.9298024337735409 0.7839740531606799 0.047377923954700016 0.011301156172680706
9 0.9085041009865655 0.8207028107218929 0.005650578086340515 0.06737227718329031
9 0.9665311913347532 0.7687609583128403 0.032164829106860526 0.006085237939135771
9 0.9539260556036869 0.7750635261783746 0.004346598527954107 0.017821053964613198
9 0.9763110380226501 0.7815834239703069 0.04737792395469966 0.005650578086340374
9 0.980222976697809 0.7735422166935902 0.003911938675158719 0.013039795583862555
3 0.9408862600198239 0.7724555670616023 0.022602312345361107 0.013474455436657824
10 0.894160325844317 0.7646316897112838 0.02651425102052027 0.014343775142248596
5 0.8993762440778619 0.8013604472724964 0.01695173425902116 0.02347163205095232
0 0.8693847142349798 0.8383065347601097 0.07432683482801695 0.028687550284497126
5 0.9206745768648372 0.8137482530771655 0.020429013081384496 0.03173016925406514
7 0.9632712424387876 0.7935365699221792 0.023906291903747698 0.019125033522998575
1 0.8448264325520379 0.7615890707417162 0.0243409517565431 0.02303697219815738
3 0.8454784223312305 0.7311628810460371 0.023036972198156935 0.030860849548474373
2 0.8724307324636912 0.7471283563513772 0.0335472736601882 0.008906355838988085
9 0.9435930796864089 0.6642992470487884 0.11281384062718233 0.0059375705593253825
9 0.8901549446524804 0.6024000739678214 0.005937570559325257 0.05135998533816413
2 0.8903033839164639 0.6426271145072507 0.008015720255089146 0.0338441521881546
2 0.8288495286274464 0.6311972911805495 0.01276577670254946 0.0394848442195136
9 0.8288495286274467 0.5860717549296768 0.011578262590684512 0.05670379884155721
9 0.9162802551135119 0.574048174547042 0.16743948977297662 0.011281384062718171
3 0.929194471080045 0.5903764935851876 0.07689153874326328 0.021969011069503802
9 0.9084129741224065 0.5347117695915125 0.0062344490872916596 0.07095396818393804
3 0.8949050010999412 0.5344148910635462 0.02196901106950381 0.07214148229580311
2 0.8287010893634635 0.5407977794148209 0.013062655230515858 0.03918796569154739
9 0.829146407155413 0.5118521229381098 0.011578262590684512 0.025234674877132778
9 0.7774895432892821 0.5044301597389531 0.11370447621108058 0.011578262590684446
9 0.6199954842031771 0.5042817204749699 0.13418909464075313 0.010687627006785638
9 0.5466664877955089 0.49685975727581294 0.018406468733908644 0.04809432153053526
11 0.5469633663234751 0.5363446014953268 0.020187739901706206 0.037406694523749694
2 0.6536911971273485 0.5738997352830598 0.03770357305171597 0.01335953375848213
6 0.5640338816815356 0.6542053770979354 0.09292297925344185 0.0510631068101981
6 0.5640338816815356 0.6037360273436697 0.09292297925344185 0.0510631068101981
11 0.43711831097595594 0.6571741623775981 0.019593982845773655 0.024937796349166506
9 0.8316698746431261 0.4324371167071331 0.005343813503392833 0.06828206143224161
9 0.844880969137625 0.4541092492486707 0.024047160765267705 0.005343813503392786
9 0.8243963507079526 0.4364449768346777 0.015140804926279616 0.0044531779194940425
9 0.8194978549965092 0.41729631178085347 0.005343813503392724 0.042156750971210036
9 0.8687796906389085 0.3928038332236363 0.23869033648487975 0.011578262590684379
9 0.7541845788439303 0.4444606970897664 0.011281384062718227 0.11370447621107975
9 0.7390437739176504 0.47964080265376974 0.02553155340509905 0.004750056447460249
9 0.7290983432307806 0.48973467260462306 0.0050469349754265706 0.02375028223730186
3 0.7372625027498527 0.43273399523509937 0.02196901106950381 0.09084482955767804
9 0.6799649468523632 0.4696953719668997 0.005343813503392851 0.06204761234495001
3 0.6523552437515002 0.48854715849275776 0.05165686386613064 0.023156525181368893
1 0.7699191408261423 0.48854715849275776 0.023156525181368764 0.023750282237301433
0 0.7889193666159828 0.4106165449016125 0.05937570559325282 0.026422188988997862
10 0.817122826772779 0.45084358544104186 0.026125310461031462 0.014843926398313348
5 0.7668019162824966 0.4529217351368056 0.015734561982212156 0.023750282237301433
5 0.8784282427978125 0.40764775962194955 0.03176600249239071 0.02107837548560492
1 0.9345382845834365 0.4079446381499157 0.024640917821200228 0.0240471607652676
3 0.9740231288029517 0.4195229007406004 0.01989086137374006 0.016328319038144697
2 0.831521435379143 0.48127363455758426 0.009203234366954355 0.03354727366018834
2 0.7035667898256815 0.50428172047497 0.03770357305171597 0.01365641228644827
2 0.6793711897964306 0.4230854430761956 0.007125084671190468 0.03532854482798588
9 0.67981650758838 0.3859756270804122 0.0062344490872916596 0.045422414778838995
9 0.6158391848116473 0.39057724426388934 0.12647025291362893 0.005937570559325307
9 0.5465180485315254 0.38627250560837845 0.016922076094077303 0.046609928890703964
11 0.5462211700035593 0.44089815475417177 0.01929710431780739 0.06739142584834286
11 0.5460727307395762 0.3316468564625851 0.019000225789841126 0.06857893996020788
3 0.6159876240756295 0.376920831977441 0.12498586027379853 0.02375028223730137
2 0.6796680683243969 0.3478267362367466 0.007125084671190468 0.03443790924408707
2 0.7004495652820354 0.300474611026127 0.03384415218815447 0.005640692031359123
9 0.6799649468523632 0.3173966871202043 0.006531327615257929 0.03295351660425571
8 0.5653698350573837 0.42635110688382466 0.022562768125436356 0.05907882706528731
3 0.5910498277264659 0.48275802719741556 0.07392275346360067 0.03354727366018834
3 0.5888232387667189 0.4257573498278921 0.023156525181368893 0.023453403709335165
9 0.6658632167739654 0.30077148955409333 0.035328544827985815 0.00504693497542658
9 0.650870851111669 0.264997626934158 0.005343813503392848 0.07659466021529719
9 0.5468149270594929 0.22773937167439037 0.016922076094077323 0.14339232900770554
3 0.6033016475283286 0.2664274206149486 0.0607413468218984 0.07511026757546573
9 0.6537561533561959 0.22479020706767905 0.1995320586461293 0.010123557803649753
9 0.7543385986311674 0.2641414559496086 0.010776690565175558 0.07968219690614667
9 0.7541753154407859 0.17123332062256524 0.009796991422886883 0.10809347203251896
9 0.8707595133731414 0.22495349025805933 0.22990273205707243 0.010450124184412555
0 0.6664922422059487 0.2649578719015156 0.028411275126371902 0.06890550634097083
0 0.6664922422059487 0.18625537413765803 0.028411275126371902 0.06890550634097083
5 0.7012715617571972 0.23785286229819533 0.024819044937980057 0.01600175265738184
10 0.7339281998334866 0.24226150843849456 0.015022053515093161 0.02612531046103169
1 0.7381735627834041 0.2876542353645368 0.023512779414928395 0.023512779414928395
9 0.7332750670719607 0.300880173785434 0.03657543464544448 0.004898495711443445
3 0.6016688156245141 0.2089517376006791 0.09535738318276543 0.02351277941492838
9 0.6505442847309061 0.184335730885723 0.005343813503392848 0.07659466021529719
5 0.7012715617571972 0.21238068459868953 0.024819044937980057 0.01600175265738184
10 0.7336016334527237 0.20731890569686484 0.015022053515093161 0.02612531046103169
1 0.7383368459737852 0.1627425947227296 0.0238393457956914 0.023186213034165504
9 0.7633191741021469 0.268713385280289 0.015675186276619048 0.004571929330680535
9 0.7691973689558789 0.24895611924413402 0.005225062092206377 0.04408646140299088
9 0.7691973689558789 0.20095086127198855 0.005225062092206377 0.04408646140299088
9 0.7639723068636726 0.18152016161659618 0.015675186276619048 0.004571929330680535
7 0.7688708025751161 0.28242917327233047 0.019593982845773655 0.022859646653402618
7 0.7683809530039718 0.16045663005738928 0.02057368198806232 0.023186213034165508
5 0.8157330782145914 0.20993143674296785 0.031023806172474973 0.018940850084247885
5 0.8157330782145914 0.23964897739239127 0.031023806172474973 0.018940850084247885
9 0.9921624068616908 0.3839913176895908 0.015675186276618343 0.028737841507134643
3 0.9542807066931949 0.3439869360461361 0.023512779414928395 0.06759924081791922
3 0.8959886077270182 0.32945473210218734 0.024492478557217045 0.024165912176454286
3 0.8959886077270182 0.3590089895612293 0.024492478557217045 0.025145611318742944
3 0.943340732937638 0.24405762353269037 0.019267416465010775 0.01730801818043341
3 0.9630979989737931 0.26397817275922697 0.01698145179967059 0.019267416465010807
3 0.9919991236713096 0.2636516063784641 0.01600175265738081 0.019267416465010775
8 0.9737114063485873 0.2442209067230715 0.05257718730282531 0.030697239791712114
8 0.9250530156149158 0.34415021923651756 0.024492478557217166 0.04571929330680531
4 0.8716594123601824 0.24079195972506137 0.024165912176454283 0.02318621303416557
9 0.9919991236713094 0.21825887945242153 0.016001752657381102 0.023839345795691337
9 0.9921624068616908 0.2954918285028463 0.01567518627661851 0.020247115607299467
11 0.9913459909097831 0.33778217481164113 0.017308018180433708 0.07021177186402248
11 0.9913459909097833 0.1893577547549053 0.01730801818043327 0.0378817001684958
9 0.991509274100165 0.15833394858243022 0.01698145179967009 0.03200350531476368
4 0.8716594123601823 0.2094415871718235 0.024819044937980057 0.023839345795691306
3 0.9057855991499048 0.1955625159894005 0.023839345795691278 0.023512779414928422
3 0.9057855991499048 0.16649810810150284 0.023839345795691278 0.022859646653402618
3 0.9644042644968445 0.18037717928392588 0.024165912176454158 0.06825237357944502
3 0.8701898636467493 0.10902242508723335 0.019267416465010775 0.017634584561196327
3 0.8701898636467493 0.1384133993558939 0.019267416465010775 0.016981451799670526
3 0.8310018979552021 0.1385766825462753 0.019267416465010775 0.01730801818043341
3 0.8311651811455835 0.10902242508723335 0.018940850084247885 0.017634584561196327
8 0.8504325976105942 0.12420776179270795 0.03135037255323798 0.059761647679609745
8 0.9351765734185653 0.18054046247430736 0.024492478557217045 0.047025558829856845
11 0.9916725572905466 0.1269835760291925 0.016654885418907063 0.03526916912239261
9 0.9918358404809277 0.09759260176053201 0.016328319038144443 0.027431575984083155
9 0.9013769530096073 0.08959172543184085 0.17242704904281012 0.011429823326701297
9 0.8210416233419338 0.04751540840100121 0.011756389707464199 0.09503081680200243
3 0.9421977506049677 0.04784197478176408 0.06139447958342417 0.0747837011947029
3 0.8052031538749336 0.030207390220567735 0.021879947511113503 0.06041478044113547
9 0.7380937626281586 0.14924083600864294 0.025472177699505695 0.005878194853732099
9 0.6695148226679511 0.14924083600864282 0.04310676226070312 0.005878194853732141
9 0.6889455223233429 0.13601489758774582 0.006204761234494916 0.0297175406494231
2 0.7087027883594977 0.1490775528182615 0.03657543464544425 0.007511026757546581
2 0.6886189559425798 0.10548094098641501 0.006204761234494918 0.03526916912239263
2 0.6887822391329612 0.06776252400830067 0.006531327615257801 0.033636337218578165
9 0.6228158302188569 0.08670337409254879 0.13781101268194101 0.006204761234494998
9 0.5465625803107206 0.08702994047331147 0.017308018180433475 0.013389221611278678
9 0.5467258635011008 0.008490725899835268 0.018287717322722122 0.016981451799670536
11 0.5460727307395762 0.04800525797214553 0.021553381130351025 0.06792580719868212
11 0.5462360139299577 0.12540149021295158 0.021879947511113905 0.06727267443715633
3 0.6028952809923198 0.12703432211676607 0.061394479583424234 0.07315086929088842
3 0.5878732274772263 0.056006134300836424 0.02351277941492919 0.02514561131874289
3 0.8370433759993158 0.04261691268955778 0.022206513891876837 0.08523382537911556
