6 0.157813 0.18125 0.10625 0.23125
2 0.33007800000000004 0.343359 0.025781200000000008 0.119531
9 0.6589839999999999 0.9550779999999999 0.030468800000000004 0.028906299999999992
6 0.267188 0.17656299999999997 0.10781299999999999 0.2125
9 0.6589839999999999 0.9816410000000001 0.030468800000000004 0.0367187
9 0.6500000000000001 0.4363280000000001 0.040625 0.025781200000000008
9 0.33203099999999997 0.14609399999999997 0.0328125 0.28593699999999994
9 0.33945299999999995 0.4136719999999999 0.0210938 0.0367187
11 0.657422 0.8847659999999999 0.030468800000000004 0.127344
9 0.6574219999999998 0.4605469999999999 0.028906299999999992 0.0757812
11 0.657031 0.5542970000000002 0.0328125 0.12890599999999997
11 0.6562500000000001 0.6949219999999999 0.0328125 0.132031
9 0.657812 0.624609 0.03125 0.030468800000000004
9 0.43320299999999995 0.43789100000000003 0.20546899999999998 0.0320312
2 0.5816410000000001 0.436719 0.11015599999999999 0.03437500000000001
9 0.6578119999999998 0.789844 0.0296875 0.078125
9 0.330859 0.7261720000000002 0.0367187 0.544531
9 0.10440677061809493 0.2322705689962024 0.02115731915608972 0.34863582435469587
9 0.21433284188560475 0.4429238771155304 0.2391696948079704 0.0873889269490663
2 0.10624653750123317 0.03127603701335004 0.030356153571780925 0.06255207402670009
