9 0.3984380000000005 0.7340600775193795 0.0203125 0.5271918449612394
5 0.8822869948320414 0.5986929948320413 0.04323921033591731 0.0573018103359173
8 0.480078 0.8660160000000002 0.141406 0.0695312
11 0.792188 0.9871089999999999 0.08125 0.0257812
3 0.6712290051679589 0.888791989664082 0.08722948966408266 0.14272902067183377
9 0.482422 0.521484 0.011718799999999998 0.0804688
9 0.44882799999999995 0.990625 0.121094 0.01875
7 0.435547 0.7031250000000001 0.0601562 0.0640625
0 0.8177130051679586 0.692187 0.15417701033591732 0.078125
9 0.673047 0.990625 0.16484400000000002 0.01875
9 0.8130260051679585 0.4740829948320415 0.18121996899224835 0.025270510335917318
9 0.8149940206718347 0.7320309999999992 0.17842604134366924 0.014062499999999993
9 0.446094 0.555078 0.0859375 0.013281300000000001
2 0.7332029999999996 0.6066259844961241 0.022656299999999997 0.08837209302325602
9 0.508233031007752 0.47447399483204145 0.241345937984496 0.026051810335917323
9 0.878125 0.5359369999999999 0.0578125 0.012500000000000002
9 0.8644529999999999 0.990625 0.0789063 0.01875
9 0.854297 0.511328 0.011718799999999998 0.0617188
9 0.733203 0.523047 0.0164062 0.0835937
9 0.733203 0.6917969999999998 0.0179687 0.0945313
3 0.4593023255813954 0.8178294573643412 0.05297157622739018 0.02842377260981912
3 0.5122739018087856 0.8178294573643412 0.05297157622739018 0.02842377260981912
3 0.46059431524547806 0.9121447028423774 0.05297157622739018 0.02842377260981912
3 0.5135658914728682 0.9121447028423774 0.05297157622739018 0.02842377260981912
8 0.7487080103359172 0.8727390180878554 0.060723514211886306 0.060723514211886306
4 0.5897932816537467 0.5167958656330749 0.06072351421188629 0.06718346253229986
1 0.7596899224806206 0.5142118863049095 0.041343669250646024 0.062015503875969144
10 0.8165374677002581 0.5135658914728682 0.04134366925064601 0.05813953488372109
5 0.43798449612403106 0.5891472868217054 0.05426356589147287 0.04909560723514212
2 0.6776485788113695 0.47480620155038755 0.10206718346253237 0.027131782945736434
11 0.5505859328165373 0.9896933793281657 0.09675387596899208 0.020613241343667935
