5 0.203906 0.646484 0.0328125 0.0351562
11 0.18085899999999977 0.7668004848675852 0.03203119999999998 0.06753362460666514
9 0.0734375 0.559375 0.059375 0.010937500000000003
7 0.2445673504715129 0.6007809999999981 0.037142795284861904 0.04033919622788863
9 0.12539099999999997 0.6268127681410636 0.0554687 0.008873963717873442
9 0.229297 0.6757810000000001 0.113281 0.024999999999999994
9 0.09003487698744327 0.6718396495284845 0.18006975397488653 0.01555349905697261
9 0.183203 0.7058590000000001 0.0273438 0.0710938
9 0.0738281 0.647266 0.00859375 0.0429688
9 0.148828 0.644922 0.010156200000000002 0.0460938
9 0.08749994999999994 0.8735628840705323 0.17499989999999987 0.010687031858937142
11 0.13721605141454127 0.31054699999999985 0.10212889717091725 0.03359379999999998
9 0.2749999999999994 0.4903410514145402 0.02812499999999994 0.38494189717091515
9 0.182422 0.8960939999999998 0.0289063 0.20781299999999997
9 0.0453125 0.310156 0.090625 0.028125
9 0.235547 0.310156 0.09921869999999998 0.024999999999999994
4 0.12364163673899525 0.5749285799007644 0.046045850923487903 0.04178234620835017
9 0.09940912829082657 0.6464132990569723 0.00859375 0.0429688
9 0.09940912829082613 0.5905613872886665 0.008593749999999973 0.07110793111990726
9 0.08531405567770467 0.6255337167265185 0.026476867937062654 0.008021262774845444
1 0.05158840705316698 0.6529507161877857 0.04178234620835011 0.028991832062936877
5 0.014069565559954596 0.6529507161877838 0.02813913111990919 0.02728643017688167
10 0.07716943534399359 0.6107420195079218 0.04007694432229502 0.02643372923385416
2 0.027286430176881628 0.5583009115117256 0.054572860353763256 0.011937813202385947
