2 0.830077999999999 0.4700644018860548 0.06796869999999997 0.016120396227889376
9 0.5475518037721092 0.7601559999999982 0.01697780754422199 0.09218749999999983
9 0.8710939999999979 0.23359585518665138 0.14999999999999974 0.037504710373303295
9 0.9073026726521973 0.9449573504715093 0.13851915469559217 0.01306689717091751
11 0.6500353504715128 0.39296899999999874 0.036580608487247576 0.08906249999999977
9 0.3588099580157328 0.773722803772106 0.03793341603146927 0.1769912056581654
9 0.3591656075442184 0.5442451962278868 0.038500313202386865 0.14275860754421835
9 0.6155273693320632 0.722870102829081 0.14980473866413235 0.014205401886058358
2 0.3606205561296777 0.6524864018860532 0.03842891225935883 0.08053549056972344
9 0.3902339999999977 0.4920139580157323 0.09822780754422011 0.037152216031469565
11 0.4708788971709168 0.4894529999999998 0.08238379434183563 0.041406299999999965
9 0.5871137103732995 0.4919422570727035 0.16172842074660865 0.03700921414541434
2 0.8406249999999987 0.8815329485854582 0.015624999999999986 0.06732569151275293
9 0.6506768037721069 0.2871071448133476 0.038852807544221185 0.14539312168963298
11 0.7644530000000002 0.23671899999999998 0.0851562 0.0484375
9 0.6502523084872449 0.46697760754421824 0.03644241697449704 0.08395571508844218
9 0.9185712476424281 0.7835939999999979 0.1628575047151364 0.027839196227890804
9 0.6798638971709149 0.23281485518665118 0.0980849056581633 0.03906721037330323
11 0.3647377974444712 0.9279467703141708 0.027286430176881732 0.14410645937165786
9 0.5378360888790624 0.8072895868757599 0.33084796589469745 0.017054018860550923
9 0.6862060529658602 0.6640358284471439 0.010232411316330578 0.12449433768202281
9 0.7028337213548975 0.606478514792784 0.04348774809440517 0.009379710373303148
9 0.7260990151640498 0.5949670520619122 0.011569848954175536 0.04604585092348791
2 0.7258566468166417 0.5459367478378278 0.01620131791752344 0.06565797261312162
9 0.7267093477596689 0.49562739219920077 0.01205458564899262 0.04689855186651541
9 0.7327237499932153 0.4700463639083739 0.1354884586766697 0.012790514145413202
9 0.9147299056972412 0.4700463639083749 0.11596732825175023 0.01279051414541321
9 0.9138772047542107 0.3596215917863062 0.02387562640477135 0.22170224518716172
11 0.9693027660510064 0.23597995504731173 0.06139446789798673 0.04263504715137761
6 0.5339989346354415 0.8682577043022426 0.1014714122202787 0.10829301976449872
6 0.42783766722850897 0.95736495284862 0.10402951504935862 0.08527009430275997
6 0.6376020992132853 0.9641865603928372 0.12108353390991068 0.07162687921431762
2 0.6989965671112737 0.8644205500586188 0.01023241131633072 0.08185929053064506
9 0.8409712741253579 0.9313575740862813 0.011085112259358256 0.03837154243624087
9 0.8409712741253594 0.822211853378755 0.014495916031468272 0.06906877638523119
9 0.8426766760114163 0.7488795722783854 0.017906719803578584 0.04178234620835017
9 0.8439557274259566 0.6486872114726476 0.01705401886055099 0.04604585092348763
9 0.919419760883895 0.6218271317672763 0.16116047823221002 0.014495916031468154
2 0.7846930118855413 0.6196953794097073 0.1117038235366117 0.015348616974495887
2 0.8426766760114158 0.6998492680543003 0.021317523575689154 0.06480527167009399
9 0.699849268054298 0.9496906443613732 0.008527009430277909 0.1006187112772498
9 0.699849268054301 0.8196537505496724 0.011937813202385725 0.016201317917523578
9 0.700275618525815 0.7638018387813676 0.007674308487248005 0.07674308487247976
9 0.7143451840857691 0.7284147496457237 0.03581343960715765 0.007674308487247856
9 0.7284147496457212 0.6439973562859959 0.009379710373302983 0.0724795801573409
3 0.8703894566598117 0.8209328019642136 0.037518841493212315 0.037518841493212315
3 0.9582176537916496 0.8183746991351312 0.037518841493212315 0.037518841493212315
3 0.9155826066402689 0.8196537505496704 0.05116205658165904 0.052014757524684235
3 0.468767312493834 0.7339573057754035 0.03240263583504703 0.034108037721102165
3 0.4900848360695229 0.619695379409711 0.037518841493212315 0.0426350471513776
3 0.4900848360695228 0.548921201138424 0.037518841493212315 0.0426350471513776
3 0.5804711360304426 0.6260906364824175 0.03751884149321227 0.034960738664129985
3 0.5813238369734701 0.5783393836728744 0.03751884149321227 0.034960738664129985
8 0.5391151402936066 0.5791920846159022 0.04519314998046023 0.14922266502982168
5 0.6704310855198505 0.6397338515708586 0.028139131119909445 0.033255336778074594
3 0.7829876099994878 0.40779919506736406 0.038371542436240025 0.03496073866412972
3 0.7829876099994874 0.44361263467452117 0.038371542436240025 0.03496073866412972
3 0.6994229175827853 0.4222951110988319 0.03837154243623996 0.04178234620835084
8 0.7412052637911374 0.4180316063836947 0.045193149980460305 0.09635520656211355
3 0.7757396519837535 0.3246608531221776 0.03240263583504703 0.0341080377211021
5 0.8844590222197666 0.34128852151121486 0.033255336778074594 0.033255336778074594
5 0.8870171250488492 0.4483024898611728 0.033255336778074594 0.034108037721102165
5 0.9386055321020161 0.43082212052910807 0.027286430176881732 0.03154993489201952
3 0.973566270766146 0.3779546620613996 0.035813439607157306 0.03837154243623988
3 0.973139920294632 0.295242670587727 0.04348774809440517 0.03666614055018481
3 0.6913222586240244 0.4883794341834678 0.05116205658165311 0.027286430176881583
