9 0.9242190000000001 0.711719 0.04374999999999999 0.015625
2 0.9714839999999999 0.712109 0.0570313 0.0195312
9 0.5489329741602075 0.8457929586563308 0.034344768992248004 0.3084140826873385
9 0.9389119793281651 0.40216294832041344 0.12217604134366937 0.03455461731266148
9 0.8909849689922474 0.5522540413436693 0.03353313798449641 0.3279450826873385
9 0.7148440000000003 0.7045369793281655 0.35624999999999996 0.0340742586563306
9 0.9127906976744191 0.7306201550387594 0.019379844961240327 0.029715762273901505
9 0.9437984496124031 0.8636950904392765 0.07881136950904394 0.04521963824289407
9 0.9916020671834622 0.8772609819121439 0.016795865633075183 0.018087855297157618
2 0.9140826873385012 0.7926356589147278 0.021963824289405534 0.0994832041343669
