2 0.27265599999999995 0.21679700000000002 0.07968749999999998 0.022656300000000008
9 0.319922 0.21640600000000002 0.028906299999999992 0.017187500000000005
11 0.023828099999999998 0.450781 0.047656199999999996 0.03593749999999999
9 0.1978094359062467 0.4510650364358557 0.31375512818750634 0.029119127128288447
9 0.08378319095723721 0.33409096356414414 0.03087111808552563 0.0396777452138142
9 0.3484370000000001 0.31298534547861856 0.037500000000000006 0.29936121861513454
9 0.0898437999999999 0.19019122222222204 0.020312499999999966 0.2633685555555552
9 0.08867190000000001 0.396875 0.0210938 0.09218750000000002
9 0.046093800000000004 0.07929690000000002 0.09218750000000002 0.0210938
9 0.165625 0.21640600000000002 0.148438 0.0203125
2 0.3460004361638035 0.08399021284664179 0.03601734560027862 0.16798042569328359
