11 0.6499217181865301 0.4474002866538639 0.0626536890580362 0.03706274563996505
11 0.8374415621982582 0.4469590634914833 0.0794201692284965 0.03794519196472614
11 0.3820992586215445 0.06838959016898313 0.03706274563996505 0.07500793760469117
11 0.3790106964848807 0.2594392194797554 0.034415406665681846 0.11118823691989518
5 0.7081631756207608 0.296943188282101 0.046769655212336836 0.04500476256281472
5 0.9534832539043392 0.1650174627303206 0.03971008461424825 0.04412231623805364
4 0.7068395061336193 0.2364956150359675 0.05118188683614215 0.04941699418662008
7 0.7086043987831414 0.3847465975958277 0.04412231623805356 0.04765210153709793
7 0.9512771380924362 0.24487885512119767 0.04235742358853153 0.04500476256281472
1 0.783171113225452 0.038386415127106666 0.048534547861859026 0.03441540666568184
0 0.6481568255370079 0.028238282392354326 0.05559411845994768 0.054711672135186504
2 0.6172712041703705 0.10633478213370927 0.018531372819982562 0.0714781523056469
2 0.7161051925436105 0.05780023427185027 0.06971325965612464 0.01676648017046038
2 0.8678859604025149 0.055594118459947585 0.07853772290373541 0.02294360444378789
2 0.7761115426273635 0.1539868836708072 0.0679483670066026 0.01676648017046038
9 0.37901069648487784 0.3860702670829677 0.02912072871711522 0.15795789213223171
9 0.49372871870381885 0.4487239561410028 0.2620865584540412 0.03265051401615947
9 0.3781282501601149 0.15310443734604426 0.02912072871711512 0.11207068324465627
9 0.37901069648487423 0.0189725959823629 0.029120728717115033 0.0379451919647258
9 0.7412549127992983 0.45048884879052287 0.13413184136368816 0.0326505140161593
9 0.9333753024805351 0.45048884879052203 0.13324939503891978 0.032650514016159274
9 0.9243625251872163 0.24664374777071846 0.02029626546950455 0.38915882921963046
9 0.7350777885259567 0.2969431882820975 0.014119141196177649 0.28855994819686426
9 0.8670035140777539 0.19590308409695814 0.10677600529608991 0.012354248546655029
9 0.7121341840821858 0.15486932999556827 0.05118188683614215 0.013236694871416101
9 0.6927203649374392 0.18399005871268326 0.010589355897132785 0.06441858170755753
9 0.7108105145950419 0.2095810021307536 0.04853454786185504 0.013236694871416006
9 0.5065241904128555 0.14825098255985986 0.2382605076854902 0.010589355897132837
9 0.6177124273327498 0.04103375410138979 0.012354248546654973 0.08206750820277958
9 0.6538927266479518 0.05912390375899134 0.07236059863041047 0.012354248546655029
9 0.7880245680116325 0.057800234271849577 0.093539310424679 0.013236694871416068
9 0.8136155114297062 0.02867950555473477 0.021178711794265906 0.05735901110946954
9 0.9587779318529056 0.13545551085082466 0.06441858170755824 0.013236694871416101
9 0.9852513215957377 0.1164829148684616 0.011471802221893902 0.04941699418662008
9 0.9646079899867014 0.09133319461277015 0.07078402002659023 0.016766480170460278
9 0.8197926357030364 0.17516559546507296 0.01235424854665499 0.05382922581042544
9 0.8149391809168506 0.15486932999556827 0.025590943418071076 0.01500158752093825
