8 0.41054700000000005 0.4851535913377402 0.12265600000000002 0.06246971337739789
2 0.499591548026439 0.6859345913377394 0.08988020394712264 0.020354921271642845
3 0.208594 0.35625 0.065625 0.157813
2 0.582031 0.5414059999999999 0.078125 0.021875000000000006
7 0.20117200000000005 0.583984 0.0492188 0.0539063
5 0.7718691826754795 0.5890469566886994 0.03594963464904072 0.05156851732452077
9 0.7753909999999995 0.63554359133774 0.03828129999999998 0.008599817324520228
9 0.551953 0.6687500000000002 0.0179687 0.046875
9 0.5132601393641786 0.5417970000000001 0.07191742127164295 0.013281300000000001
9 0.7964781826754802 0.47503008662260215 0.016418334649040814 0.4216449416682242
9 0.7203280433113012 0.685547 0.16878008662260202 0.0148437
9 0.233984 0.65625 0.010156200000000002 0.0515625
2 0.646484 0.588672 0.0195312 0.0773437
9 0.1675780000000003 0.4746031826754805 0.0164062 0.4348404991249391
9 0.7617131826754797 0.6574220000000003 0.009387134649040722 0.052343700000000014
9 0.6464840000000001 0.514453 0.0148437 0.0851562
0 0.7207029999999998 0.5109345913377398 0.13203099999999998 0.060979921271642895
9 0.7171753653509592 0.4761661826754796 0.154712269298082 0.01016843464904081
11 0.3316317740132196 0.2582030000000001 0.1289244519735614 0.041406299999999986
11 0.570312 0.262109 0.08750000000000002 0.0445312
9 0.595703 0.6546880000000002 0.105469 0.0203125
9 0.7085546873906179 0.25936918267547976 0.19367137478123386 0.03282463464904085
9 0.203906 0.6351559999999999 0.0671875 0.012499999999999997
9 0.3089966346490412 0.6855377740132191 0.30068392280767386 0.014861951973562817
9 0.21562840866226018 0.2597567740132195 0.11093118267547963 0.03361195197356143
9 0.464063 0.2597591826754798 0.13749999999999998 0.033617969298081855
8 0.27247430736478345 0.36155369584580627 0.051162056581653174 0.05116205658165325
3 0.38177506460740623 0.446048607473082 0.04651096052877565 0.024805845615347107
3 0.4244101117587838 0.446048607473082 0.04651096052877565 0.024805845615347107
3 0.38177506460740623 0.5251172403720007 0.04651096052877565 0.024805845615347107
3 0.4267356597852227 0.5251172403720006 0.04651096052877565 0.024805845615347107
5 0.2701487593383447 0.654572747177093 0.04961169123069407 0.04341022982685724
4 0.3670465937732939 0.6522471991506541 0.05271242193261243 0.057363517985489956
9 0.48254881241975384 0.408064656374582 0.012402922807673487 0.28216649387457243
9 0.6333218428005349 0.5417836678948121 0.0255810282908272 0.011627740132193929
9 0.6449495829327284 0.6704639920244249 0.017829201536030563 0.047286143204255324
9 0.6468875396214269 0.637131136978802 0.013953288158632653 0.027131393641785823
1 0.670143019885815 0.6557355211903122 0.03720876842302052 0.05038687390617371
10 0.7228554418184275 0.656123112528052 0.031007307019183812 0.04806132587973482
3 0.512005754087978 0.34023617227011743 0.05116205658165325 0.0813941809253574
3 0.512005754087978 0.41852962249355646 0.05116205658165325 0.0813941809253574
3 0.512005754087978 0.4960478900415157 0.05116205658165325 0.0813941809253574
3 0.7089021536597948 0.3708558879515613 0.15968763114879636 0.12557959342769429
8 0.7744050897378203 0.4506997035259596 0.03333285504562239 0.03565840307206133
8 0.7751802724133 0.29333762040360206 0.03333285504562239 0.03565840307206133
