9 0.15507799999999997 0.9727186717948036 0.016406199999999996 0.03893665641039585
9 0.157031 0.933594 0.0140625 0.03125
9 0.804988925925926 0.603125 0.13221064814814845 0.032812499999999994
9 0.07226559999999997 0.9723286717948043 0.016406199999999992 0.04128045641039621
9 0.749219 0.9554690000000001 0.012500000000000004 0.046875
9 0.30814032820519716 0.9363391119658009 0.03034285641039407 0.01013527606839902
9 0.322266 0.95625 0.010156199999999999 0.0453125
2 0.03125 0.98125 0.0625 0.01875
9 0.28420985014247313 0.6019530000000006 0.30600259601135016 0.030468799999999976
2 0.158594 0.89375 0.01875 0.065625
0 0.22617200000000004 0.828906 0.114844 0.0546875
2 0.42460899999999996 0.8960940000000001 0.0164062 0.0703125
2 0.48710899999999996 0.98125 0.07578119999999999 0.0234375
9 0.27031199999999994 0.935938 0.0328125 0.0078125
9 0.22168915897670072 0.9836041119658024 0.14181531795340063 0.018645180341995703
9 0.424219 0.951563 0.012500000000000004 0.05156249999999998
9 0.9425779999999999 0.9382809999999999 0.013281300000000001 0.12343799999999998
9 0.424219 0.833203 0.012500000000000004 0.07578119999999999
0 0.3546880000000001 0.8299974814814816 0.120312 0.05563083703703684
9 0.259766 0.955078 0.010156199999999999 0.047656199999999996
9 0.775781 0.9363280000000002 0.0609375 0.013281300000000001
9 0.8093749999999992 0.80273425 0.018749999999999982 0.3945314999999999
9 0.969141 0.8832029999999998 0.061718800000000004 0.013281300000000001
9 0.15742200000000003 0.828906 0.013281300000000001 0.0703125
9 0.35820300000000005 0.798448111965801 0.13671899999999998 0.010832580341994767
9 0.11328100000000002 0.953516 0.0984375 0.0179687
9 0.22070299999999995 0.7980470000000005 0.13984399999999997 0.011676852136798057
11 0.471094 0.603906 0.078125 0.0390625
9 0.6661922800571989 0.9820522239316012 0.2878690695152344 0.021833052136798443
9 0.9625 0.602734 0.075 0.0320312
9 0.565234 0.602344 0.12265600000000002 0.0328125
11 0.897266 0.604688 0.06328130000000001 0.040625
11 0.09882809999999999 0.603906 0.07890630000000001 0.0390625
11 0.6839840000000001 0.600781 0.116406 0.0375
9 0.2902340000000003 0.8004809586563311 0.017968700000000008 0.38497608268733835
9 0.032031199999999996 0.602734 0.06406249999999998 0.0320312
1 0.18691817606302727 0.9518665641039415 0.03208895726403899 0.04332009230645254
10 0.22662826067727568 0.9530699000013434 0.02968228546923597 0.0425178683748517
5 0.26874501708632664 0.8840786418836594 0.030484509400837037 0.04412231623805412
5 0.31326844529018083 0.8852819777810607 0.02807783760603414 0.04332009230645254
10 0.3545829777676313 0.9534710119671435 0.028880061537635095 0.0433200923064527
9 0.37330948204928505 0.9828018880342015 0.1626731401750257 0.01864518034199568
1 0.39710084614248287 0.9530699000013431 0.03208895726403899 0.04572676410125543
4 0.6345591298963715 0.9494598923091385 0.04973788375926046 0.04973788375926046
5 0.7225594385299072 0.954005827921544 0.04683042975260967 0.03679533766276479
7 0.7815156045577462 0.8912865023600132 0.0459941720784559 0.04683042975260951
