9 0.35012919896640826 0.3126614987080103 0.04392764857881135 0.30749354005167956
9 0.20671834625323002 0.45219638242894095 0.33333333333333337 0.03617571059431524
9 0.088538690862711 0.1916074727053318 0.019454642707334883 0.2601959073025115
9 0.08333333333333331 0.33462532299741665 0.03488372093023253 0.04134366925064606
9 0.08914728682170545 0.3985788113695088 0.023255813953488365 0.09431524547803592
9 0.16472868217054276 0.2170542635658914 0.1485788113695091 0.02067183462532296
9 0.3204134366925065 0.21640826873385016 0.0310077519379845 0.021963824289405676
2 0.2713178294573645 0.2170542635658913 0.08010335917312648 0.025839793281653745
2 0.3494832041343669 0.08204134366925064 0.040051679586563305 0.1640826873385013
9 0.042193000832302506 0.0798245961692205 0.08438600166460501 0.019766090479997472
