9 0.1577372805510418 0.9757327260690707 0.31159179727313485 0.015531055315794835
9 0.14386991170034014 0.9472918987088615 0.02784578936135616 0.025856804406973626
9 0.31326513031525677 0.9250815667182556 0.016574874619854876 0.09679726777995228
9 0.3659732316063953 0.9764636780398059 0.1060791975670711 0.013922894680677995
9 0.42000732286712195 0.9277335466574328 0.013922894680678071 0.0954712778103639
9 0.4531570721068318 0.9738116981006293 0.0696144734033904 0.017900864589443302
9 0.5005612135196166 0.9758006830550117 0.03182375927012129 0.013922894680677995
9 0.4873013138237328 0.9264075566878445 0.01458588966547226 0.09281929787118712
9 0.36729922157598355 0.877345927813074 0.10740518753665945 0.014585889665472408
9 0.4544830620764199 0.8773459278130729 0.06696249346421304 0.014585889665472387
9 0.5393464201300765 0.8799979077522496 0.10143823267351092 0.010607919756707086
9 0.3129336328228597 0.6913758345783027 0.017237869604649073 0.3706141964999547
9 0.4876328113161296 0.7752447001547673 0.013922894680677991 0.20950641519496535
9 0.5900655364668325 0.8299417864002884 0.010607919756706717 0.10143823267351165
9 0.5907285314516255 0.9164626319159309 0.011933909726295462 0.07160345835777174
9 0.6596800098702232 0.7858526199114751 0.14718488662431103 0.009281929787118712
6 0.40177496078528124 0.6986687794110372 0.16442275622895916 0.20353946033181708
2 0.5379956060130615 0.97534316172253 0.05030991244493881 0.014445420404982532
9 0.5746072749705172 0.9760903386400294 0.031879548479961245 0.01295106656998415
9 0.5900489312654984 0.9626411541250463 0.010958594789986384 0.024905897249970565
9 0.6617779153454112 0.9516825593350604 0.14046926048982925 0.0109585947899867
9 0.7332578404528243 0.7770922196127711 0.014445420404982532 0.021419071634974043
9 0.7332578404528262 0.8326323704802039 0.014445420404982591 0.09364617365988682
9 0.733506899425324 0.9382333748200753 0.013947302459983166 0.028890840809964916
9 0.7335068994253233 0.9696148053550379 0.014943538349981888 0.03686072792995668
2 0.7332578404528243 0.9016217058626198 0.016437892184979982 0.05030991244493881
2 0.7330087814803247 0.7280276020303308 0.015939774239980622 0.08567628653989591
9 0.8612741523176688 0.8336286063702029 0.015441656294981012 0.3327427872595942
9 0.8811988701176443 0.9820677539800227 0.008468005064989738 0.03586449203995492
9 0.8734780419701541 0.9683695104925388 0.022913425469971802 0.007471769174990873
9 0.8752214547776521 0.682449810062886 0.020422835744975176 0.008468005064989745
9 0.8811988701176443 0.7252879533328346 0.008468005064989738 0.0921518198248886
9 0.8742252188876534 0.7666317427677839 0.020422835744974267 0.008468005064989593
5 0.8921574649076313 0.7133331226528483 0.016437892184979982 0.020422835744975176
9 0.7332578404528243 0.6789629844478905 0.014445420404982532 0.021419071634974043
9 0.6704949793829005 0.6697478024654037 0.1260238400848469 0.011954830679985455
9 0.5477089059405502 0.6697478024654018 0.12353325035984955 0.011954830679985807
9 0.4861913397331245 0.5893017543479995 0.01245294862498486 0.1569071526748097
9 0.5479579649130496 0.5071122934231012 0.12602384008484704 0.012452948624984795
9 0.6104717670104736 0.5897998722929997 0.012951066569984288 0.15790338856480954
9 0.6709930973279 0.5076104113681047 0.12403136830484829 0.011456712734986066
9 0.7345031353153231 0.5885545774305009 0.01195483067998557 0.16238645006980368
9 0.7337559583978238 0.48793475254062274 0.01544165629498127 0.04084567148994992
9 0.8627685061526665 0.5514447905280456 0.01843036396497756 0.07621204558490777
2 0.8627685061526669 0.6289021309754511 0.022415307524972762 0.08468005064989707
2 0.7332578404528242 0.42741342222319595 0.01843036396497757 0.08816687626489284
9 0.9267766620850889 0.503874526780603 0.14644667582982163 0.031879548479961106
9 0.8677496856026621 0.34049184082080197 0.02839272286496546 0.3078368900096264
9 0.9317578415350831 0.17312421130100508 0.1364843169298341 0.037856963819954
9 0.8739761599151553 0.1258030065260627 0.020920953689974688 0.06077038928992613
9 0.932006900507583 0.10562922975358707 0.1359861989848341 0.02141907163497396
9 0.8493193216376845 0.18458092403599133 0.027396486974966692 0.013947302459983388
2 0.7970169374127472 0.17835444972349868 0.08717064037489403 0.028392722864965542
9 0.7332578404528243 0.36813738676826807 0.015441656294981256 0.04134378943494977
9 0.6704949793829009 0.34771455102329285 0.12502760419484737 0.011456712734986097
9 0.7342540763428231 0.2685137977683895 0.013449184514983644 0.1598958603448054
9 0.6102227080379755 0.2667703849608911 0.012452948624984951 0.15840150650980728
9 0.8503155575276832 0.17162985746600706 0.027396486974966692 0.013947302459983388
9 0.48619133973312556 0.2588004978409012 0.011456712734986147 0.14744291171982118
9 0.39877164038573143 0.33152571781081247 0.17234880896978944 0.013947302459983053
9 0.5474598469680507 0.3479636099957931 0.12702007597484458 0.011954830679985443
9 0.4849460448706261 0.3417371356833003 0.013947302459983092 0.02241530752497266
9 0.40001693524823023 0.3516994945832879 0.16188833212480283 0.005479297394993351
9 0.31259723590083693 0.35568443814328354 0.016936010129979407 0.06425721490492262
9 0.37844306526347377 0.17138079849350796 0.7568861305269475 0.014445420404982786
9 0.22841530319594072 0.18582621889849069 0.16637139362979653 0.01643789218498047
9 0.31060476412083754 0.20649811361596446 0.012951066569984251 0.036860727929955234
9 0.16664867801601307 0.22069447504844728 0.007969887119990323 0.05827979956492924
9 0.1006480503035931 0.245351313325918 0.13797867076483222 0.00796988711999033
9 0.3688563382720518 0.5061160575331003 0.10709535817486981 0.01046047684498719
9 0.31331618740461925 0.4869385166506238 0.017932246019978178 0.042838143269947955
2 0.31306712843211953 0.4269153042781966 0.019426599854976374 0.08517816859489655
2 0.44930238638945397 0.5051198216431017 0.06077038928992606 0.014445420404982532
9 0.14395608610482508 0.6470552105542137 0.025902133139968524 0.02689836902996732
9 0.14370702713232536 0.35764868450956533 0.025404015194969123 0.02689836902996732
9 0.03935131765495213 0.21767754196473543 0.013947302459983038 0.06276286106992375
9 0.0733323854969367 0.18458092403599166 0.14622858066577377 0.013947302459983388
9 0.14619761685732238 0.21468883429473906 0.009464240954988512 0.0508080303899383
9 0.09738205824738166 0.23461355209471474 0.10609912228487102 0.009962358899987901
9 0.04084567148995036 0.14470326302232414 0.017932246019978205 0.044332497104946134
9 0.040845671489950365 0.022415307524972772 0.017932246019978202 0.044830615049945545
2 0.040845671489950365 0.08343475578739859 0.020920953689974577 0.08418193270489768
9 0.16537515773979902 0.028143663892465805 0.013947302459983057 0.05628732778493161
9 0.4572722735094484 0.04881555860994074 0.5967452981092671 0.013947302459983064
9 0.3419579692420844 0.010958594789986682 0.02440777930497032 0.021917189579973365
9 0.6316135542592322 0.03237766642496064 0.00597741533999264 0.023909661359970934
9 0.6629949847941943 0.02266436649747244 0.00597741533999264 0.04532873299494488
9 0.6413268541867204 0.011207653762486376 0.025404015194969078 0.02241530752497275
5 0.673206402666682 0.018928481909976994 0.015441656294981256 0.019924717799975785
9 0.7486994967478054 0.028143663892465795 0.01344918451498366 0.037358845874954597
9 0.8851838136776397 0.016188833212480328 0.09215181982488789 0.013449184514983656
9 0.9412220824900713 0.01120765376248637 0.02490589724996972 0.02241530752497274
9 0.9763393976125287 0.01593977423998061 0.047321204774942366 0.012951066569984251
2 0.8000056450827432 0.015441656294981234 0.08617440448489527 0.01693601012997942
9 0.5338166057968902 0.18490633545692167 0.4478557267499505 0.014598125301842159
