3 0.3509393969648898 0.7761719999999953 0.16281659392978234 0.06953119999999945
8 0.48414412821427283 0.5358476153571772 0.06608624357145179 0.13263423071435682
3 0.853906 0.7730469999999999 0.03437500000000001 0.0382813
9 0.745313 0.4738280000000001 0.0234375 0.0117188
3 0.796875 0.555078 0.0875 0.05234369999999999
3 0.440625 0.522266 0.028125 0.053906300000000004
3 0.33164099999999996 0.404297 0.047656199999999996 0.02734380000000001
3 0.7871089999999998 0.6855470000000001 0.171094 0.141406
3 0.524609 0.5218749999999999 0.022656300000000004 0.0578125
9 0.712891 0.25 0.05078119999999999 0.0109375
3 0.296484 0.24609399999999998 0.0820312 0.0546875
11 0.22421899999999997 0.6011719999999999 0.05 0.139844
3 0.8020679358928627 0.4941409999999999 0.09117562821427383 0.05703129999999998
9 0.8125 0.5234380000000001 0.126563 0.0125
3 0.524609 0.5660159999999999 0.024218699999999992 0.0460938
3 0.44023399999999996 0.563672 0.02734380000000001 0.05234369999999999
9 0.6498398717857218 0.6513055769642293 0.01125755642854751 0.353384512500408
9 0.4824406410713692 0.21277506410713648 0.5288687178572594 0.01930062821427397
9 0.599219 0.508203 0.0109375 0.0757812
8 0.321048807678589 0.43789099999999936 0.10726187178572615 0.050781199999999915
9 0.3789060000000001 0.46601600000000004 0.265625 0.0148437
9 0.7553344230357665 0.3566409999999993 0.023705653928464163 0.019531199999999967
5 0.630469 0.235938 0.0546875 0.0375
9 0.8777339999999982 0.5847915512500405 0.01796869999999998 0.4710418974999166
2 0.697656 0.4738280000000001 0.08125 0.0195312
9 0.753125 0.4984370000000001 0.0125 0.059375
9 0.688672 0.234375 0.008593750000000002 0.0390625
5 0.617969 0.645703 0.046875 0.05078119999999999
11 0.225 0.370313 0.0421875 0.0921875
7 0.619922 0.7511719999999998 0.05234369999999999 0.05703130000000001
2 0.509375 0.416406 0.01875 0.08125
9 0.7431998717857237 0.2818708717857256 0.016726256428547765 0.14996271785726029
9 0.7053344230357667 0.3585939999999999 0.08566934607153437 0.014062499999999992
9 0.868359 0.356641 0.0382813 0.0195312
9 0.6226560000000001 0.5417970000000001 0.05625 0.0117188
2 0.807813 0.3558589999999999 0.0921875 0.024218699999999992
9 0.55 0.358984 0.084375 0.0148437
2 0.6277339999999999 0.359766 0.0820312 0.022656300000000004
9 0.22226599999999994 0.7527339999999999 0.0351562 0.177344
11 0.548828 0.8261720000000001 0.0726563 0.0445312
9 0.628125 0.4730469999999999 0.065625 0.0117188
11 0.774219 0.8257809999999999 0.0921875 0.046875
9 0.3644795512500407 0.8292969999999988 0.314791897499917 0.03515619999999997
9 0.22226599999999994 0.471875 0.0367187 0.13125
9 0.22288687178572594 0.2683589999999998 0.03391375642854786 0.12734399999999996
9 0.85 0.828906 0.07656250000000002 0.03593749999999999
9 0.65625 0.829297 0.157813 0.0351562
8 0.38946580758752064 0.7076369505219993 0.055652948214931636 0.05767669178638361
4 0.6171369593758773 0.5730580030204373 0.061724178929287825 0.055652948214931594
9 0.5108904218746438 0.2978288773029567 0.011130589642986388 0.16695884464479419
1 0.7097232277698091 0.33526813337482025 0.054641076429205626 0.039462999643315184
0 0.5473178061607806 0.2872042235528336 0.06374792250073975 0.1376145628587397
10 0.7102291636626716 0.2877101594456968 0.051605461072027535 0.03743925607186299
3 0.4213397688378906 0.258871813552505 0.16594697285906895 0.07690225571517832
