9 0.48125 0.8207030000000001 0.0296875 0.04453119999999999
9 0.0496094 0.632422 0.013281300000000001 0.04140630000000001
2 0.049609400000000005 0.7859369999999999 0.0164062 0.0703125
2 0.0496094 0.6789059999999999 0.0148437 0.0734375
9 0.0273438 0.8378909999999999 0.0546875 0.013281300000000001
9 0.09101560000000002 0.516406 0.01538472067183463 0.04531249999999999
9 0.0488281 0.734375 0.011718799999999998 0.05156249999999999
9 0.0691406 0.616797 0.05234369999999999 0.013281300000000001
9 0.4806201550387597 0.6124031007751938 0.02842377260981912 0.04134366925064601
9 0.49999999999999994 0.49031007751938005 0.9999999999999999 0.019379844961240306
9 0.09108527131782945 0.6065891472868217 0.01421188630490956 0.021963824289405676
2 0.0904392764857881 0.5671834625322998 0.015503875968992244 0.06459948320413439
9 0.04882810000000001 0.8248142764857875 0.011718800000000003 0.023138727390181867
