5 0.610547 0.9515630000000002 0.047656199999999996 0.040625
9 0.5812500000000002 0.9558589999999999 0.009375 0.04453119999999999
5 0.49882799999999994 0.895312 0.030468799999999997 0.0484375
9 0.944141 0.968359 0.0164062 0.0429688
9 0.5039887273930929 0.9359380000000005 0.02952154521381404 0.009374999999999998
9 0.8625000000000003 0.96875 0.017187500000000005 0.0453125
9 0.024218700000000003 0.95625 0.010937499999999998 0.04218750000000001
0 0.45351600000000003 0.8257810000000001 0.117969 0.05625
9 0.9460940000000001 0.933594 0.012500000000000004 0.0296875
9 0.0148437 0.935938 0.028125 0.010937499999999998
9 0.38828099999999993 0.948828 0.0140625 0.06015619999999999
9 0.9710940000000001 0.982813 0.0578125 0.01875
2 0.8172707273930929 0.9820310000000002 0.07952154521381415 0.023437500000000003
2 0.2667853819144743 0.9827060364358557 0.0785508542565767 0.020525427128288563
9 0.492188 0.954687 0.010937499999999998 0.04374999999999999
2 0.389844 0.8929690000000001 0.0203125 0.0734375
9 0.4838974444444443 0.6028293454786181 0.2599828888888888 0.029521545213814074
9 0.946875 0.8289059999999999 0.015625 0.07656250000000002
9 0.38945299999999994 0.828906 0.0148437 0.078125
9 0.5531366180855256 0.9363280000000002 0.054711036171051414 0.011718799999999998
9 0.4508647273930929 0.7949220000000001 0.1326465452138141 0.013281299999999996
9 0.970312 0.7949220000000001 0.059375 0.013281300000000001
9 0.902344 0.953125 0.09218750000000002 0.017187500000000005
2 0.9460940000000001 0.894531 0.017187500000000005 0.06875000000000002
9 0.5225616545213814 0.7964839999999999 0.01856050904276292 0.367969
11 0.88125 0.6042969999999999 0.07968749999999998 0.04140630000000001
9 0.9562500000000003 0.602344 0.08749999999999998 0.0328125
9 0.11601549999999994 0.9829073454786185 0.23203099999999988 0.01974422712828845
9 0.227734 0.6023440000000002 0.117969 0.030492236171051502
11 0.6671879999999999 0.6016573454786186 0.115625 0.035748009042762804
11 0.114844 0.603018036435856 0.11875 0.0361504271282889
9 0.7835940000000001 0.6029236909572373 0.12187500000000004 0.029711036171051503
11 0.323047 0.604297 0.07734369999999999 0.0398437
9 0.030859400000000002 0.602734 0.061718800000000004 0.0320312
5 0.054844039083900675 0.9529214885739969 0.04368109307567311 0.03979832924672435
4 0.14123553427800972 0.9495240702236668 0.04756385690462183 0.050475929776333396
4 0.6984121437321513 0.9500094157022854 0.04562247499014761 0.04950523881909621
7 0.5532938456251927 0.8903119218321988 0.04076902020396161 0.04659316594738465
9 0.5391304569547098 0.9835939999999981 0.47993146800505554 0.019933618085525337
1 0.4091462384754714 0.952921488573997 0.03203280158882694 0.04756385690462183
10 0.4567100953800933 0.9529214885739969 0.030091419674352554 0.04368109307567309
