9 0.7786246756723568 0.49465343304749143 0.21188852660245566 0.03054397949705316
9 0.7461340206185567 0.29445876288659795 0.01804123711340206 0.38788659793814434
9 0.7446396950770064 0.09877440200404951 0.34494949324681107 0.018946041352723056
9 0.5167525773195877 0.4916237113402062 0.11082474226804125 0.032216494845360814
9 0.1555421916762119 0.5675600161522648 0.3110843833524238 0.023138359910487245
9 0.2972361109723342 0.3024580584640827 0.02000414016410609 0.39615323033022876
9 0.3505154639175251 0.4943586854224973 0.1030927835051544 0.02932386626840592
9 0.9735824742268039 0.49355670103092786 0.05025773195876289 0.03608247422680412
9 0.10238623346870758 0.4680519976396264 0.017814224721441195 0.19791662327744772
6 0.15232421343776056 0.3631920752636772 0.09377682425134448 0.20992570170843236
9 0.07907685098406728 0.09924487596456862 0.059746954076850836 0.02176140351930802
9 0.08259137769447047 0.13999531396438614 0.019915651358950327 0.07614807872539832
9 0.09137769447047799 0.16694001874414244 0.032802249297094674 0.022258669165885668
9 0.2261012183692592 0.1671923923656933 0.12652296157450782 0.02276341640898774
9 0.23279315016161997 0.10267465466807725 0.12719720483139663 0.028620960926325822
9 0.4302771484028156 0.13413776944704728 0.012389332291566078 0.0644329896907214
9 0.4301095227881585 0.23940781554361135 0.013726596410559476 0.047700354611122625
9 0.36785379568884724 0.2606607310215557 0.14058106841611995 0.012886597938144324
9 0.869259606373008 0.13530927835051546 0.014058106841611961 0.06911902530459232
9 0.8710510604325036 0.25948922211808806 0.012818216529556524 0.08083411433926894
9 0.8085827345621159 0.2940829254746775 0.12700614391336046 0.009303689819153629
9 0.8809746954076851 0.24543111527647607 0.028116213683223912 0.015229615745079656
9 0.9717666354264293 0.24484536082474226 0.0550609184629802 0.01640112464854732
9 0.9891049671977511 0.09957825679475167 0.021790065604498227 0.023430178069353345
2 0.42818650421743215 0.19095595126522957 0.02225866916588565 0.06794751640112462
2 0.8692596063730085 0.19739925023430177 0.021087160262418015 0.07614807872539832
2 0.9213917525773196 0.2448453608247423 0.0691190253045923 0.021087160262418015
2 0.9489222118088092 0.09957825679475164 0.084348641049672 0.02343017806935336
2 0.5424086223055294 0.09957825679475164 0.07731958762886598 0.02811621368322399
2 0.1382380506091846 0.1036785379568885 0.07731958762886597 0.033973758200562434
2 0.13882380506091843 0.1675257731958763 0.07380506091846294 0.025773195876288648
0 0.3327085285848172 0.22785848172446108 0.056232427366448 0.059746954076850996
5 0.3191514281880446 0.1683620308700296 0.03180023640741454 0.04284482298346371
10 0.37019681349578254 0.12476569821930647 0.03514526710402997 0.050374882849109674
1 0.41002811621368324 0.1271087160262418 0.030459231490159312 0.04568884723523899
5 0.7198922211808807 0.17631208997188377 0.043345829428303645 0.050374882849109646
7 0.7181349578256766 0.25873584205169675 0.044517338331771066 0.04920711474390369
5 0.7661668228678538 0.19329896907216493 0.03514526710402996 0.04686035613870667
10 0.8084258913995829 0.12593720712277393 0.03297174531088407 0.05037488284910955
1 0.8481724461105904 0.12652296157450796 0.0328022492970947 0.051546391752577296
11 0.6226569821930645 0.4926194939081537 0.12300843486410494 0.03865979381443297
11 0.43052952202436734 0.49086223055295214 0.08552014995313967 0.03514526710402996
11 0.9242357768290939 0.4914479850046856 0.08686115487039422 0.0339737582005622
0 0.807755388940956 0.26358950328022474 0.11832239925023426 0.060918462980318625
9 0.40358481724461015 0.09957825679475152 0.21907216494845322 0.018412632024430844
9 0.3426663542642921 0.11832239925023426 0.010543580131209 0.035145267104030015
9 0.3250937207122772 0.13179475164011234 0.04100281162136809 0.010543580131209
9 0.6859184629803178 0.12652296157450796 0.010543580131208995 0.04451733833177137
9 0.7772961574507957 0.1259372071227741 0.010543580131208995 0.04568884723523905
9 0.7626756985448767 0.14640494445711075 0.041245924626088594 0.01133854001543865
9 0.7152217755601374 0.1464876423321195 0.06574256302668033 0.013795734862382255
9 0.053520491145839386 0.3768555687036128 0.10704098229167877 0.018397668831382104
6 0.24682133061713357 0.36319207526367714 0.09377682425134448 0.20992570170843236
9 0.3002165050211927 0.5390895574894423 0.026760245572919714 0.07860822137045068
