11 0.03630384180067056 0.6022593802720653 0.07260768360134112 0.03737160185363136
11 0.38546137911888445 0.6033271403250263 0.07687872381318465 0.04164264206547503
11 0.5995472697375445 0.6011916202191045 0.11852136587865977 0.03737160185363138
11 0.8558096824481602 0.6001238601661436 0.12065688598458159 0.03523608174770962
2 0.3966728596749738 0.9829158391526258 0.08008200397206743 0.027761761376983354
2 0.34008157686804613 0.8958933948363125 0.02028744100625704 0.07367544365430204
2 0.07420932368078245 0.8852157943067036 0.018151920900335287 0.07367544365430204
0 0.14307984709676042 0.8270228714203346 0.11958912593162063 0.0576590428598886
0 0.27174493347854867 0.8280906314732954 0.11638584577273792 0.0576590428598886
5 0.23010229141307362 0.8846819142802234 0.03310056164178784 0.04698144233027955
5 0.18365472910927455 0.8846819142802234 0.03416832169474875 0.04698144233027955
5 0.6363849915646955 0.9530185576697207 0.04698144233027955 0.038439361906592404
5 0.8141670403826851 0.9530185576697207 0.04377816217139678 0.038439361906592404
7 0.7554402374698357 0.889486834518547 0.039507121959553124 0.04804920238324043
7 0.6945779144510645 0.8889529544920667 0.04164264206547503 0.0448459222243578
1 0.09342900463407863 0.9519507976167597 0.033100561641787866 0.04698144233027955
1 0.31392145557050416 0.9530185576697208 0.03416832169474875 0.04698144233027955
4 0.5493625472483823 0.9503491575373184 0.04804920238324043 0.05445576270100582
4 0.9043927648578811 0.9508830375637988 0.04698144233027955 0.053388002648044955
10 0.2706771734255878 0.9546201977491617 0.03096504153586609 0.04591368227731869
10 0.13987656693787773 0.9551540777756425 0.03203280158882695 0.0491169624362013
9 0.21088261045977752 0.6030001210128078 0.2808208939287162 0.03161908016030635
9 0.20661157024793259 0.795523949857988 0.018151920900335183 0.368377218271509
9 0.27761761376983357 0.7976594699639098 0.13453776667307313 0.011745360582569926
9 0.3400815768680461 0.8312939116321779 0.011745360582569886 0.07901424391910608
9 0.1372071668054755 0.7987272300168706 0.1334700066201124 0.011745360582569928
9 0.07527708373374321 0.8243534712879327 0.011745360582569885 0.06513336323061328
2 0.033100561641787866 0.835031071817541 0.06620112328357573 0.013880880688491668
9 0.07314156362782138 0.9460781173254752 0.011745360582569885 0.06513336323061328
9 0.23811049181028032 0.9546201977491617 0.010677600529608972 0.04591368227731869
9 0.22636513122771046 0.9359343968223465 0.027761761376983426 0.008542080423687154
9 0.18472248916223538 0.9359343968223466 0.027761761376983426 0.008542080423687154
9 0.17618040873854818 0.9578234779080447 0.010677600529608972 0.04591368227731869
9 0.6652145129946396 0.9556879578021227 0.010677600529608972 0.04591368227731869
9 0.7848036389262603 0.954620197749162 0.010677600529608972 0.04591368227731869
9 0.6919085143186621 0.9359343968223476 0.05979456296581051 0.008542080423687166
9 0.7602451577081595 0.9359343968223479 0.05979456296581051 0.008542080423687166
9 0.7255429559869293 0.794456189805027 0.018151920900335183 0.368377218271509
9 0.47995814380592416 0.6033271403250281 0.1249279261964249 0.033100561641787846
9 0.7266107160398915 0.6030001210128089 0.15055416746748704 0.03161908016030635
9 0.954620197749162 0.6033271403250279 0.09075960450167629 0.033100561641787866
9 0.3400815768680458 0.9492813974843584 0.011745360582569886 0.05445576270100348
9 0.7137975954043605 0.982915839152625 0.5605740278044716 0.021355201059217937
9 0.18098532897687228 0.982915839152625 0.36197065795374456 0.021355201059217937
