9 0.819141 0.078125 0.0398437 0.009375
2 0.24960900000000003 0.291016 0.0382813 0.10703100000000002
2 0.5878909999999999 0.0890625 0.0664062 0.01875
7 0.8232366909572371 0.2749999999999998 0.04178508191447416 0.04843749999999997
2 0.6457030000000001 0.18398399999999998 0.0679687 0.0148437
9 0.5636720000000001 0.21289100000000002 0.010156199999999999 0.0632813
7 0.5811430364358556 0.41542369095723714 0.04240042712828833 0.047277418085525866
9 0.786719 0.084375 0.0359375 0.01875
11 0.251953 0.09882809999999999 0.0351562 0.0757812
9 0.5886720000000001 0.18398399999999998 0.0554687 0.010156199999999999
9 0.855469 0.145703 0.010937499999999998 0.0476562
2 0.4894530000000001 0.136328 0.0179687 0.0710938
9 0.9188443454786178 0.10226027260690702 0.016998009042762812 0.04983404521381413
9 0.6843750000000002 0.04218750000000001 0.01875 0.08437500000000002
9 0.6906249999999998 0.0855469 0.028125 0.0195312
9 0.646875 0.08828129999999998 0.0671875 0.012500000000000002
9 0.37226600000000004 0.17773400000000003 0.23359400000000005 0.013281300000000001
9 0.690625 0.205859 0.010937499999999998 0.0507812
9 0.4890619999999999 0.0492188 0.012500000000000002 0.0984375
11 0.9116120364358554 0.4787173090427623 0.0732715452138134 0.03399611808552586
9 0.7378909999999999 0.226562 0.103906 0.012500000000000002
9 0.582031 0.240625 0.0484375 0.010937499999999998
9 0.8613279999999998 0.12012330904276278 0.130469 0.016808618085525667
9 0.8285276180855256 0.1660159999999999 0.060179736171051254 0.010156199999999997
11 0.7109253819144743 0.47724865452138104 0.07502353617105137 0.03693162712828848
9 0.7945309999999993 0.27844489069243267 0.018749999999999992 0.3790492186151346
9 0.367188 0.4796880000000001 0.259375 0.0328125
9 0.9457029999999998 0.084375 0.0710938 0.021874999999999995
9 0.25 0.416797 0.03125 0.155469
9 0.970312 0.4796880000000001 0.059375 0.0328125
9 0.6054690000000001 0.323047 0.012500000000000002 0.280469
11 0.521484 0.47773400000000005 0.0632813 0.0382813
9 0.523828 0.0890625 0.0742188 0.0140625
9 0.24921900000000005 0.0332031 0.0296875 0.0664062
9 0.2503909999999999 0.183203 0.027343799999999998 0.105469
9 0.8097659999999999 0.48007799999999995 0.139844 0.0320312
9 0.6128910000000001 0.4796880000000001 0.138281 0.0328125
5 0.5797490569737351 0.32809354354616693 0.04368109307567309 0.04271040211843589
5 0.823877832718886 0.19365284596881743 0.03882763828948716 0.03785694733225004
4 0.9039598366909537 0.15142778932900008 0.047563856904621823 0.0465931659473846
2 0.7369479499802947 0.084488176883189 0.07185146382894829 0.02357991861513459
1 0.6534633282663269 0.06891905796383978 0.046593165947384635 0.031062110631589753
10 0.6554047101808014 0.02912072871711542 0.04465178403290995 0.03106211063158977
0 0.520478667124833 0.042710402118435936 0.0524173116908077 0.08542080423687187
4 0.5772640881232082 0.26694001324022465 0.04950523881909622 0.044651784032910286
