6 0.685547 0.05664059999999999 0.102344 0.11328099999999999
9 0.988281 0.3837844915847512 0.0234375 0.04805676683049734
2 0.49492200000000003 0.676172 0.0117188 0.055468699999999996
9 0.7488279999999997 0.8114642327026076 0.0164062 0.11432511635130321
9 0.7675779999999999 0.7589840000000001 0.0414063 0.010156199999999999
9 0.974219 0.510547 0.015625 0.0179687
9 0.3905660589642993 0.5003907500000004 0.028242682071403097 0.9992184999999995
10 0.4334647497785458 0.6746068753321811 0.0408822004429077 0.02483293693421867
9 0.6562500000000001 0.8152340000000001 0.16562500000000002 0.010156199999999999
9 0.7723994995570918 0.5031250000000002 0.010422999114184572 0.035937499999999935
9 0.526953 0.5039059999999999 0.0648438 0.009375000000000001
9 0.782031 0.7292969999999999 0.0109375 0.06328130000000001
2 0.8148439999999999 0.16132799999999997 0.06875000000000002 0.0195312
9 0.6572412440895091 0.827148293290906 0.1683295118209782 0.025150354313287028
9 0.8257568345099977 0.6980469999999999 0.08949080739913759 0.0195312
9 0.5585481131522158 0.4774532528789008 0.1531779790104629 0.024704804871986227
9 0.603512875332181 0.20285062688235772 0.04765155066436173 0.022889753764716615
9 0.746094 0.984375 0.015625 0.03125
9 0.4902339999999999 0.5105417506643618 0.017968699999999994 0.08985319867127656
9 0.798437 0.9761720000000002 0.11875 0.0164062
9 0.5713941220447533 0.6738879763580402 0.011718800000000047 0.07902665271608388
9 0.7380192502214539 0.18124999999999986 0.014586499557092174 0.04374999999999998
5 0.701172 0.8 0.0335938 0.028125
9 0.5710485610223774 0.8003001220447545 0.012590177955244822 0.05997604408951056
9 0.8617190000000001 0.6160159999999999 0.020312499999999997 0.186719
5 0.6394529999999999 0.7996089999999998 0.0351562 0.02734380000000001
9 0.6273408753321807 0.10234399999999998 0.021879749335638257 0.20468799999999995
9 0.6295471264394503 0.4222659999999999 0.022127451107269804 0.11015599999999996
2 0.805469 0.8582030000000003 0.08906249999999999 0.0179687
2 0.9738280000000004 0.301562 0.0179687 0.07500000000000001
9 0.5136720000000001 0.46093799999999996 0.0679687 0.018750000000000003
9 0.9257767506643616 0.5261720000000001 0.14375949867127585 0.021093799999999985
2 0.49414100000000005 0.5875000000000001 0.0164062 0.08281250000000001
9 0.8621089999999998 0.919922 0.021093799999999992 0.14609400000000003
2 0.9746089999999998 0.4718771246678192 0.017968699999999994 0.07187974933563819
9 0.6199219999999999 0.693359 0.09453130000000001 0.0117188
9 0.9747382502214539 0.240625 0.014586499557092293 0.06718750000000001
2 0.8160159999999999 0.5234380000000001 0.07109380000000001 0.020312499999999997
9 0.4566410000000001 0.7079433748892732 0.08359369999999998 0.009636949778546082
2 0.6999999999999998 0.691406 0.06875000000000002 0.018750000000000003
9 0.759766 0.16328099999999998 0.053906300000000004 0.015625
9 0.5882810000000002 0.28437500000000004 0.017187500000000005 0.17343800000000006
9 0.44929786920023723 0.6359380000000044 0.10015873840047468 0.01874999999999999
9 0.5338042440895102 0.6406249999999994 0.08323328817902077 0.01093749999999999
9 0.8617190000000001 0.10117199999999998 0.020312499999999997 0.19921899999999998
9 0.9261717499999997 0.2026036251107266 0.1476565000000004 0.020317249335638218
2 0.570703 0.7433589999999998 0.0164062 0.07109380000000001
9 0.4875 0.8324220000000001 0.17656300000000003 0.0148437
0 0.4466958882679784 0.7406081465875138 0.05971377546720016 0.05555977369556879
0 0.4461766380465246 0.7966871705045364 0.05971377546720016 0.05555977369556879
6 0.44306113671780095 0.5251193046841388 0.07944528388244927 0.05244427236684535
9 0.7063209989949351 0.48072341074982977 0.14902481355727398 0.018693007972340917
9 0.7733042775624902 0.42464438683280664 0.018173757750886987 0.1266970540347555
9 0.6764641112613353 0.3628536104797913 0.19212258193794884 0.017654507529433053
9 0.7735639026732173 0.2813313257115265 0.018693007972340924 0.1640830699794366
9 0.7042439981091193 0.20629966871143599 0.15317881532890434 0.015058256422163503
6 0.8039400406282714 0.025962511072695708 0.09917679229769767 0.051925022145391415
9 0.9750759893702107 0.38813954053680083 0.014539006200709616 0.10852329628386785
9 0.776982029885542 0.5234042232255457 0.018173757750886244 0.013500505757801842
9 0.8501963111105453 0.5228849730040914 0.00882725376471699 0.014539006200709867
