9 0.7469233268762437 0.43621733504540045 0.5061533462475118 0.021732992639770455
0 0.6949478124017651 0.47118769592939563 0.02845046309206352 0.06322325131569642
5 0.7279424466821436 0.44866441264817875 0.025684445847001622 0.017386394111816555
10 0.764493388849031 0.45439401979866384 0.015805812828924144 0.02726502712989425
1 0.7852385181869939 0.4860056454565118 0.02568444584700175 0.024894155205555542
9 0.7826700736022939 0.45439401979866373 0.006322325131569669 0.02963589905423258
9 0.791560843318564 0.46802653336361094 0.02015241135687924 0.004741743848677238
9 0.8038103482609797 0.4978600050782051 0.005927179810846517 0.11024554448174578
9 0.7739768765463854 0.5041823302097747 0.05848150746701915 0.005136889169400309
9 0.693959949099957 0.5039847575494131 0.040699968034479485 0.006322325131569653
9 0.6763759823277788 0.4731634225330111 0.006322325131569656 0.06717470452292722
9 0.5157494094538377 0.4541964471383022 0.01778153943253963 0.028450463092063588
9 0.5159469821141991 0.5466604521875081 0.018176684753262753 0.02133784731904758
9 0.5159469821141991 0.654139979424192 0.018176684753262753 0.05848150746701915
9 0.6109794317481057 0.542708998980278 0.17583966772178158 0.005532034490123456
9 0.6998871289108034 0.5464628795271466 0.005927179810846647 0.017781539432539618
9 0.699689556250442 0.6118594301068201 0.006322325131569653 0.04741743848677227
9 0.6307366977842606 0.6393220298970756 0.22009594364276822 0.012249504942416167
9 0.9004233791777778 0.6387293119159898 0.19915324164444434 0.011854359621693004
3 0.907931140271517 0.5830138216940335 0.025289300526278487 0.03003104437495585
3 0.9583121686637126 0.548438606130762 0.06440868727786568 0.029635899054232716
3 0.9488286809663583 0.49173525260699685 0.020942701998324507 0.018176684753262694
3 0.9490262536267199 0.4607163449302332 0.020547556677601365 0.016991248791093413
3 0.9899237943215613 0.4607163449302323 0.020152411356877543 0.016991248791093407
3 0.9897262216611995 0.49134010728627375 0.02054755667760123 0.018176684753262694
8 0.9695738103043205 0.4771148757402423 0.03398249758218681 0.06322325131569691
4 0.8660457362748679 0.45360372915721775 0.024499009884832352 0.020942701998324913
4 0.8174428618259263 0.5407332723766616 0.024499009884832345 0.02528930052627861
5 0.8168501438448418 0.4952915604935048 0.021732992639770517 0.03398249758218688
8 0.9581145960033511 0.5834089670147566 0.04978831041111095 0.026079591167724753
3 0.7901778346960326 0.5296692033964148 0.02528930052627862 0.04662714784532601
3 0.6014959440507508 0.47869545702313426 0.06440868727786579 0.07981935478606636
3 0.5479537530927703 0.45143042989323834 0.04820772912821908 0.025289300526277616
3 0.6534575537258385 0.45182557521396055 0.04425627592098788 0.025289300526277612
8 0.5392605560368622 0.604351669013081 0.02528930052627861 0.06085237939135772
3 0.5637595659216945 0.6043516690130809 0.0244990098848324 0.026079591167724882
3 0.6088061324841283 0.6152181653329665 0.02528930052627861 0.03674851482724851
3 0.6591871608763238 0.6156133106536891 0.0762630468995587 0.03595822418580237
11 0.5157494094538376 0.501811458285436 0.020152411356878237 0.07310188433377401
11 0.5159469821141992 0.5915094460895803 0.020547556677601365 0.07468246561666643
2 0.6998871289108033 0.5717521800534251 0.008298051735185202 0.03990967739303334
2 0.7293254553046745 0.5037871848890514 0.036353369506525506 0.009088342376631347
11 0.5159469821141992 0.7169680854191656 0.020547556677601365 0.0742873202959433
9 0.5163421274349225 0.7714981396789534 0.018176684753262742 0.04109511335520211
9 0.6672876399511475 0.6948399474586712 0.0055320344901235085 0.10747952723668316
9 0.6975162569864662 0.7458136938319518 0.06677955920220655 0.006322325131569657
9 0.7354502077758828 0.6699457922531158 0.012249504942416146 0.07191644837160366
3 0.7218176942109358 0.6217380631248977 0.03951453207231033 0.02528930052627861
9 0.8069715108267662 0.6630307491404613 0.012249504942416141 0.061247524712079976
9 0.7453288407939602 0.6966181014019257 0.012249504942416299 0.012249504942416172
9 0.7951171512050712 0.696025383420841 0.020942701998324507 0.012644650263139306
9 0.8065763655060436 0.7414670953039975 0.013039795583862455 0.10036691146366797
2 0.7680496967355387 0.6962229560812031 0.03951453207231027 0.016200958149647268
10 0.7192492496262355 0.6574987146503388 0.016200958149647136 0.02647473648844818
5 0.6870449059873022 0.651769107499854 0.02528930052627847 0.015805812828924938
3 0.6793395722332021 0.7244758465129044 0.0193621207154321 0.03951453207231033
0 0.8490544874837742 0.6574987146503384 0.0734970296544976 0.028055317771339655
9 0.8869884382731928 0.6644137577629923 0.005532034490123505 0.04504656656243331
9 0.8998306611966933 0.702545281212772 0.006717470452292763 0.1213096134619926
9 0.8915326094615083 0.6839734511387864 0.013830086225308584 0.004346598527954105
9 0.8860005749713848 0.7610267886797913 0.03279706162001755 0.005927179810846518
9 0.82297489631605 0.7612243613401529 0.02528930052627862 0.006322325131569686
1 0.8233700416367731 0.7473942751148444 0.0237087192433862 0.02528930052627861
5 0.8895568828578927 0.7349471975120665 0.016200958149647268 0.025684445847001622
10 0.8836297030470459 0.7011622725902411 0.027265027129894315 0.015805812828924137
5 0.913660747422002 0.6833807331577016 0.020942701998324507 0.03319220694074068
4 0.9138583200823635 0.7284272997201354 0.024499009884832345 0.025289300526278487
7 0.958707313984436 0.6541399794241921 0.024894155205555612 0.020547556677601348
2 0.8528083680306443 0.7602364980383453 0.038329096110141056 0.009088342376631347
2 0.735647780436244 0.7219074019282045 0.01501552218747799 0.03674851482724864
9 0.7354502077758824 0.7448258305301451 0.013039795583862623 0.01303979558386245
9 0.7356477804362442 0.7912554057151088 0.012644650263139306 0.00869319705590821
9 0.7364380710776892 0.8548738023515302 0.010273778338800738 0.1217047587827143
9 0.6963308210242954 0.7977753035070415 0.07547275625811314 0.009878633018077487
9 0.6633361867439157 0.8540835117100843 0.009483487697354416 0.11380185236825296
9 0.7257691474181662 0.9117747285356552 0.03161162565784826 0.009483487697354315
9 0.6682755032529551 0.9119723011960167 0.019362120715431967 0.009088342376631347
9 0.6532599810654773 0.9103917199131243 0.014620376866754724 0.012249504942416172
9 0.5094270843222679 0.9102480797243093 0.20270954953095163 0.011171933923339967
9 0.40016940314232996 0.8763195146136689 0.018176684753262694 0.08614167991763633
9 0.39997183048196844 0.7976855957897713 0.018571830073985825 0.03003104437495585
9 0.4519334401570555 0.7915608433185632 0.12249504942416185 0.01778153943253967
9 0.5872707125047181 0.7945244332239867 0.14659891398827196 0.01185435962169305
2 0.735647780436244 0.7681394044528076 0.015015522187477997 0.03911938675158734
11 0.40016940314233 0.8227773236556886 0.02133784731904751 0.028055317771340172
6 0.5311600769620387 0.8808636858019845 0.13000281051790077 0.05334461829761892
6 0.5307649316413154 0.8263336315421962 0.13000281051790077 0.05334461829761892
2 0.6285633985202833 0.9108947301769404 0.040304822713756475 0.015410667508200996
2 0.8069715108267643 0.8107253913736338 0.013830086225308584 0.04583685720387986
9 0.8063787928456796 0.8848151390092159 0.012644650263139314 0.10945525384030037
9 0.7935365699221787 0.8549816672946214 0.02094270199832438 0.011854359621693036
9 0.7437482595110678 0.8551792399549828 0.011459214300970029 0.011459214300970029
2 0.7654812521508386 0.8547840946342598 0.03911938675158719 0.013830086225308713
8 0.9839966145107144 0.814676844580865 0.02568444584700175 0.04978831041111095
3 0.8526107953702826 0.8500423507855827 0.0837708079932979 0.01857183007398581
9 0.8964719259705469 0.8458933249179899 0.006322325131569653 0.026079591167724753
9 0.9047699777057319 0.8626870010487216 0.19046004458853627 0.011459214300969871
5 0.9697713829646822 0.8779000958965615 0.03279706162001753 0.022128137960494076
5 0.8553768126153435 0.8755292239722228 0.02528930052627847 0.017386394111816753
0 0.8257409135611116 0.8962743533101859 0.030821335016401986 0.05966694342918848
10 0.8812588311227073 0.8806661131416235 0.016200958149647268 0.02845046309206389
1 0.9023991057813936 0.9108947301769404 0.020547556677601365 0.024894155205555477
7 0.927293260986949 0.9083262855922402 0.02133784731904751 0.0237087192433862
9 0.9012136698192245 0.8814564037830693 0.0055320344901233845 0.029240753733509574
9 0.9122777387994708 0.8933107634047623 0.025289300526277706 0.004741743848677364
9 0.92215637181755 0.8800733951605388 0.005532034490123393 0.029635899054232345
9 0.9140558927427223 0.9116850208183872 0.005136889169400802 0.036748514827247135
9 0.894693772027293 0.9272932609869491 0.04386113060026431 0.006322325131569653
9 0.826926349523281 0.9274908336473108 0.03319220694074055 0.005927179810846518
9 0.7356477804362452 0.9225515171382722 0.011854359621693157 0.01659610347037112
9 0.7356477804362442 0.9723398275493829 0.011854359621693164 0.015015522187477861
9 0.8067739381664027 0.9770815713980601 0.011854359621693036 0.008693197055908337
2 0.8065763655060413 0.9557437240790125 0.014620376866754855 0.0387242414308642
2 0.7356477804362442 0.9474456723438273 0.01422523154603172 0.04109511335520273
2 0.8575501118793215 0.9272932609869491 0.035167933544356225 0.00948348769735448
9 0.8502399234459439 0.9851820504728837 0.1359299903287473 0.014620376866754855
9 0.5742309169208575 0.9855771957936074 0.3481230275570549 0.013039795583862125
2 0.7656788248112001 0.9849844778125221 0.04267569463809516 0.018176684753262694
2 0.40036697580269165 0.9434942191365964 0.020152411356878234 0.05373976361834206
9 0.40056454846305284 0.9749082721340833 0.01738639411181649 0.01303979558386256
9 0.3430709042978414 0.982020887907099 0.11498728833042339 0.019362120715431926
9 0.2938753118678146 0.9863674864350532 0.018176684753262697 0.027265027129893194
