9 0.4999999999999992 0.48906200000000033 0.9999999999999984 0.01875000000000002
9 0.3374898880341998 0.6121090000000001 0.028020080341995275 0.03819740427359611
2 0.8042970000000007 0.8374898880341989 0.07265630000000005 0.015520080341995672
2 0.8503697760683993 0.672266 0.013239252136798052 0.07265629999999998
2 0.7305003358974018 0.5426093358974012 0.013957580341995214 0.07103082820519717
9 0.7214839999999999 0.6121201119658005 0.02578120000000001 0.03817638034199506
9 0.7296981119658003 0.5847862239316007 0.01091657606839902 0.022614252136797956
9 0.755078 0.837109 0.0429688 0.013281300000000001
9 0.8496089999999998 0.771875 0.013281300000000001 0.126563
9 0.7297082239316011 0.7148965598290021 0.01245805213679804 0.17354211965800467
9 0.33828100000000005 0.8144742239316023 0.029645552136797954 0.06003045641039407
9 0.8511720000000003 0.5688652316238056 0.013281300000000018 0.15031435897401418
9 0.7218749999999998 0.8214951119658004 0.028125 0.04603082820519726
9 0.7300516470162721 0.5030222743731956 0.01042891111081278 0.02005559829002443
