9 0.990625 0.279297 0.018750000000000003 0.021093799999999992
5 0.8410159999999999 0.86875 0.0382813 0.0296875
3 0.6476559999999999 0.44531200000000004 0.037500000000000006 0.0484375
9 0.3240390937984124 0.5234380000000001 0.11370218759682395 0.010937499999999982
3 0.7845397730224584 0.4939700306966143 0.04062499999999985 0.05022003069661367
8 0.594922 0.35273399999999994 0.047656199999999996 0.09296869999999999
11 0.805858999999991 0.1695151162923118 0.030468799999999727 0.1594069674153725
9 0.00703125 0.27812500000000007 0.0140625 0.021875
9 0.634375 0.8871090000000001 0.018750000000000003 0.010156199999999999
2 0.5593749999999998 0.7054690000000001 0.053125 0.0125
9 0.944141 0.8871090000000001 0.0117188 0.0179687
3 0.569531 0.4878910000000001 0.0921875 0.053906300000000004
5 0.7890619999999999 0.6949220000000002 0.0296875 0.0320312
8 0.152344 0.407031 0.07968749999999998 0.053125
8 0.569141 0.44179700000000005 0.05234369999999999 0.0382813
9 0.6343750000000001 0.9097659999999999 0.0125 0.0429688
5 0.8024263865112302 0.9765619999999982 0.04391507302246209 0.04062499999999992
3 0.7832029999999992 0.4468197423258459 0.03828129999999994 0.05011001534830713
2 0.4878910000000001 0.5218749999999999 0.06328130000000001 0.018750000000000003
9 0.44687500000000013 0.5237060360592884 0.0234375 0.010399927881423379
9 0.9674403558146132 0.29575825767415276 0.06355628837076777 0.019421284651692117
9 0.9566410000000002 0.672656 0.0320312 0.0125
9 0.7769530000000002 0.5230470000000002 0.06953119999999999 0.0117188
9 0.864062 0.6851559999999999 0.0140625 0.03437500000000001
9 0.944531 0.978906 0.0125 0.040624999999999994
9 0.978516 0.26718800000000004 0.030468800000000004 0.046875
11 0.9792908037190642 0.1703513739664642 0.03358260743815542 0.15617205206706375
9 0.663281 0.673047 0.03593749999999999 0.0117188
2 0.9441410000000002 0.9300780000000001 0.0164062 0.0664062
2 0.7113280000000001 0.9296880000000001 0.0148437 0.0671875
9 0.1697770577677602 0.6948630589642972 0.3395541155355204 0.05402388207140258
9 0.9718750000000003 0.5234380000000001 0.040624999999999994 0.0125
9 0.312109 0.8375 0.053906300000000004 0.32499999999999996
2 0.23789100000000002 0.5226560000000001 0.0648438 0.017187500000000005
5 0.340625 0.483594 0.025 0.0328125
9 0.8785159999999999 0.8875 0.12421900000000001 0.0125
9 0.44726600000000005 0.41054700000000005 0.013281300000000001 0.22421899999999997
3 0.13359400000000002 0.3656250000000001 0.03437500000000001 0.037500000000000006
2 0.983203 0.672656 0.0335938 0.015625
9 0.7109380000000001 0.978906 0.0125 0.0421875
2 0.6742189999999999 0.8855469999999996 0.06875000000000002 0.021093799999999992
2 0.9449220000000002 0.848437 0.0164062 0.065625
3 0.16992199999999996 0.366406 0.0335938 0.03437500000000001
9 0.317578 0.408203 0.0195312 0.22734399999999996
2 0.8839840000000001 0.2933589999999999 0.11328099999999999 0.021093799999999992
9 0.10867052700394117 0.5230470000000003 0.2048411540078823 0.011718800000000008
9 0.7621090000000001 0.8816410000000002 0.11328099999999999 0.024218699999999992
9 0.6016101418774639 0.522656 0.17040828375492467 0.010937499999999989
2 0.408594 0.5218749999999999 0.065625 0.018750000000000003
2 0.711719 0.6722660000000001 0.0703125 0.0179687
9 0.8042969999999999 0.266797 0.028906299999999992 0.047656199999999996
2 0.714453 0.5218749999999999 0.0664062 0.018750000000000003
9 0.805469 0.672616012019763 0.125 0.011018775960474464
9 0.902344 0.6957030000000001 0.0875 0.0148437
9 0.9433590000000001 0.7554689999999998 0.010156199999999999 0.13125
3 0.0386719 0.46289100000000005 0.0351562 0.0382813
9 0.7679689999999988 0.28607464418538414 0.07656249999999988 0.03621248837076906
5 0.5570310000000002 0.947656 0.03593749999999999 0.03593749999999999
3 0.5574220000000001 0.35546900000000003 0.0382813 0.0421875
11 0.04921880000000001 0.283984 0.08281250000000001 0.0367187
5 0.29257799999999995 0.42851600000000006 0.0320312 0.0335938
9 0.3019529999999988 0.28640519023030636 0.07265629999999966 0.03531018046061449
9 0.10546900000000001 0.40898399999999996 0.0125 0.23046899999999998
11 0.23125 0.28554700000000005 0.08281250000000001 0.0429688
9 0.1414059999999997 0.2869109018595378 0.11562499999999978 0.036322603719076724
9 0.807030999999999 0.4080100981404617 0.012499999999999987 0.24258319628092398
11 0.513281 0.2863280000000001 0.08281250000000001 0.0414063
9 0.621484 0.40742200000000006 0.013281300000000001 0.23203100000000002
9 0.812109 0.7761720000000001 0.0164062 0.20390600000000003
3 0.133203 0.45273399999999997 0.0351562 0.0398437
9 0.6039059999999998 0.28716425767415366 0.1078129999999999 0.03526631534830757
3 0.17109400000000005 0.452344 0.03437500000000001 0.037500000000000006
9 0.957422 0.410937 0.013281300000000001 0.235938
9 0.44218699999999717 0.28682331906738323 0.07499999999999954 0.036146438134768116
3 0.07427375767415359 0.46280861348876895 0.034264984651692434 0.03655372697753894
3 0.06132810000000001 0.377734 0.0414063 0.0382813
11 0.372266 0.28515599999999997 0.0820312 0.0421875
11 0.6960940000000001 0.28476599999999996 0.08281250000000001 0.0398437
9 0.11356758007067931 0.7455072418398845 0.2271351601413586 0.046232469321312086
8 0.05142984696045524 0.4205594969425046 0.10118717857260298 0.04515791440430198
5 0.2910176706055028 0.322717349066518 0.03177779161784222 0.03512282231445721
5 0.342447517565958 0.4126150490380456 0.03261404929199599 0.0459941720784559
3 0.6476559999999992 0.4933968162638399 0.037499999999999936 0.050946273022461686
3 0.6459834846516916 0.39973595675862067 0.037499999999999936 0.050946273022461686
3 0.6476559999999992 0.35123301165770365 0.037499999999999936 0.050946273022461686
3 0.7832029999999989 0.3991530548990825 0.03828129999999994 0.05011001534830713
3 0.7832029999999989 0.35065010979816535 0.03828129999999994 0.05011001534830713
9 0.8172776981974037 0.2951208458194431 0.025923987898767993 0.020070184179689157
5 0.8526018469604546 0.9765619999999978 0.04391507302246209 0.04062499999999992
5 0.4491537600341669 0.946819742325846 0.03593749999999999 0.03593749999999999
9 0.9439707358316946 0.6834764703328056 0.010035092089844827 0.027596503247072218
