9 0.07214295966892831 0.2493801345694891 0.14428591933785662 0.022043892185306207
9 0.14212797059545731 0.41927746172203606 0.17374644158867125 0.028631876555915595
9 0.11644464423841833 0.5734379999999999 0.22820128847683666 0.02031249999999999
9 0.20588464269400283 0.7867110139373115 0.03658087045588207 0.03470492838122151
9 0.6059292901153797 0.7871799994559767 0.03564289941855168 0.033766957343891194
9 0.6054603045967145 0.25581940680835663 0.03470492838122144 0.03470492838122144
9 0.21916528370377608 0.4919361738460635 0.022550768741224567 0.18252028449928626
9 0.14939884291061262 0.3939812721263693 0.022550768741224535 0.03171201854234703
9 0.18498677483035672 0.2558578135863682 0.08949836344173347 0.044396825959285596
9 0.15010355443377552 0.2949693031219301 0.022550768741224497 0.05073922966775454
9 0.022550768741224508 0.2879221878902974 0.016913076555918373 0.07047115231632611
9 0.022903124502806183 0.39715247398060405 0.016208365032755145 0.0366449992044899
9 0.03770206648923473 0.4302739155692769 0.04721567205193881 0.050739229667754786
9 0.023607836025969366 0.47009011662800104 0.017617788079081594 0.04298740291295758
9 0.022903124502805974 0.55853141278499 0.01761778807908149 0.018322499602241343
2 0.022903124502806165 0.5201246347725934 0.020436634171734754 0.06835701774683688
2 0.022550768741224546 0.34923209040550185 0.022550768741224546 0.06906172927000018
2 0.14975119867219427 0.3495844461670835 0.030302595496020494 0.07258528688581647
5 0.09161249801122473 0.44225401146305315 0.03100730701918375 0.023960191787551075
5 0.14763706410270408 0.44789170364835873 0.05003451814459183 0.03523557615816258
3 0.19731922648571484 0.4690330493432574 0.023960191787551075 0.04087326834346948
3 0.19731922648571476 0.5070874715940739 0.023960191787551075 0.04087326834346948
3 0.19731922648571476 0.544437182321727 0.023960191787551075 0.04087326834346948
9 0.9215856212791859 0.12071687250441078 0.05777901589954694 0.24143374500882156
9 0.9215856212791862 0.5215587953075185 0.05984255218167371 0.49834401213359336
9 0.9308715345487556 0.7862073234902636 0.13825693090248678 0.03714365307828098
9 0.9303556504782243 0.2558784989837083 0.13928869904355082 0.059842552181673676
9 0.9004343743873904 0.898370838105261 0.019603594680203527 0.2032583237894773
