3 0.9601559999999999 0.8351559999999999 0.05 0.0921875
9 0.701953 0.5375 0.0195312 0.0125
9 0.982473657856324 0.6178921463839773 0.008697315712653045 0.009189065088366973
6 0.38429814638397936 0.012729460848061109 0.10915643740877419 0.025458921696122218
3 0.586328 0.439844 0.0398437 0.03437500000000001
4 0.351953 0.760547 0.0460938 0.0429688
9 0.7011720000000002 0.21406199999999992 0.017356871071836935 0.16562499999999972
9 0.832812 0.785937 0.015625 0.0140625
6 0.4921957319198979 0.0747787710718369 0.1171705361602037 0.10981765785632605
3 0.9777339999999998 0.7507809999999999 0.022656300000000008 0.037500000000000006
9 0.5577361463839793 0.4511719999999997 0.01109050723204069 0.03203119999999999
9 0.842969 0.6683590000000001 0.037500000000000006 0.008593750000000002
3 0.9342222927679584 0.11132026808010162 0.028430914464081965 0.1055839468785731
2 0.989062 0.485156 0.020312499999999997 0.020312499999999997
9 0.958594 0.6179689999999999 0.045312500000000006 0.0109375
2 0.9921192783038755 0.6180535855359178 0.015761443392243966 0.012636443392244345
3 0.45625 0.9410159999999999 0.03593749999999999 0.0382813
8 0.6277340000000001 0.8730470000000001 0.0898438 0.05234369999999999
9 0.6809445855359175 0.730783146383977 0.009986828928162399 0.08687170723203717
9 0.9164059999999995 0.7864894391519387 0.04687499999999997 0.011396421696122294
3 0.6978868717857213 0.8184783983916258 0.02297625642854768 0.24429370321673272
8 0.421875 0.48828099999999997 0.0484375 0.096875
9 0.542578 0.369531 0.008593750000000002 0.14374999999999996
9 0.8271912927679508 0.7510654179504087 0.01124341446408171 0.19788196108327163
9 0.6796111463839795 0.8654800246878555 0.011702236160203945 0.18622695062428396
9 0.48130045434047347 0.5374999999999998 0.3110379086809471 0.012499999999999987
3 0.973828 0.11171900000000001 0.030468800000000004 0.10625
9 0.826952999999998 0.5696485132155101 0.010462214464081365 0.16742302643102266
9 0.7015629999999998 0.3593498042403057 0.01718749999999997 0.1281414638397963
9 0.7050779999999998 0.5767838289281627 0.011718799999999991 0.0832549578563266
9 0.827344 0.954297 0.0125 0.0914062
9 0.611328 0.29570299999999994 0.188281 0.0164062
3 0.921875 0.755469 0.03125 0.0546875
3 0.9747704391519383 0.2638247072320403 0.027021421696122615 0.1373966842873476
8 0.555469 0.5875000000000001 0.0484375 0.0953125
9 0.9424417566077552 0.4872704391519374 0.09113321321551078 0.011396421696121681
2 0.661719 0.5382810000000001 0.065625 0.017187500000000005
3 0.910936999999999 0.9828125499999998 0.03437499999999996 0.034374900000000076
9 0.5167970000000001 0.7484380000000002 0.0117188 0.059375
3 0.41914100000000004 0.7066409999999999 0.05234369999999999 0.028906299999999992
3 0.6625768536160203 0.7421879999999988 0.027972092767958943 0.054687499999999875
9 0.972656 0.5527340000000001 0.020312499999999997 0.13046900000000003
8 0.957812 0.835156 0.0484375 0.09375
5 0.47343700000000005 0.755859 0.037500000000000006 0.0367187
2 0.556641 0.7730470000000002 0.0679687 0.0179687
5 0.5218749999999999 0.4230470000000001 0.03437500000000001 0.0351562
11 0.311719 0.8269529999999999 0.040624999999999994 0.0867188
5 0.40664100000000003 0.7574220000000002 0.0367187 0.0367187
2 0.870313 0.4851559999999999 0.06875000000000002 0.018750000000000003
2 0.557813 0.4957030000000001 0.017187500000000005 0.0726563
3 0.369922 0.7058589999999999 0.053906300000000004 0.02734380000000001
9 0.971101731919897 0.7798484391519368 0.057796036160203415 0.02155262169612154
3 0.9339839999999995 0.2639861463839796 0.027343799999999904 0.1386697336630621
9 0.6316651957596942 0.41484399999999694 0.1522946084806109 0.01718749999999987
9 0.5164147319198978 0.2195309999999999 0.017171036160203438 0.16249999999999992
2 0.8667970000000002 0.7855470000000001 0.06015619999999999 0.0179687
11 0.3121090000000001 0.24023400000000006 0.0445312 0.0867188
9 0.41874999999999957 0.1416355608480611 0.1921879999999998 0.02545892169612245
9 0.4238202680801018 0.7299252927679569 0.19607753616020343 0.019837214464080898
9 0.313281 0.489453 0.0390625 0.171094
11 0.311719 0.966797 0.040624999999999994 0.0664062
11 0.31210899999999997 0.365625 0.0429688 0.0859375
3 0.9902340000000001 0.8472660000000002 0.0195312 0.0445312
11 0.31285807232040586 0.04280756084806099 0.03926489875142767 0.08561512169612197
11 0.312891 0.616406 0.0445312 0.0859375
9 0.883594 0.645312 0.1125 0.021875
3 0.9144530000000001 0.8562499999999997 0.0398437 0.037500000000000006
5 0.4828120000000001 0.7058590000000001 0.03593749999999999 0.030468800000000004
3 0.617969 0.8316410000000002 0.046875 0.0398437
3 0.6621089999999996 0.6929689999999998 0.028906299999999992 0.053125
9 0.31289100000000003 0.30273399999999995 0.0382813 0.055468699999999996
9 0.6324219999999999 0.7734379999999996 0.09140619999999997 0.011549328928163046
9 0.3130514391519381 0.1443705608480609 0.037958821696122004 0.12532287830387737
2 0.827344 0.8785159999999999 0.018750000000000003 0.0726563
2 0.6792970000000003 0.9769529999999998 0.0195312 0.0429688
3 0.6003909999999999 0.610156 0.0414063 0.037500000000000006
5 0.5207029999999999 0.3230469999999999 0.0367187 0.0367187
3 0.9152340000000001 0.817969 0.0398437 0.037500000000000006
3 0.43125000000000013 0.253125 0.03593749999999999 0.03593749999999999
3 0.650391 0.9175779999999999 0.0382813 0.0414063
3 0.6050779999999999 0.9175779999999999 0.0382813 0.0414063
3 0.380859 0.47539100000000006 0.0382813 0.0445312
5 0.9433589999999938 0.553600585535918 0.033593799999999785 0.05509219750285821
9 0.31249999999999994 0.71875 0.037500000000000006 0.140625
9 0.312891 0.9019529999999999 0.0367187 0.0789063
3 0.600391 0.5656250000000002 0.0429688 0.0390625
9 0.9414828536160202 0.7039059999999998 0.012653007232040898 0.16562499999999997
3 0.46484400000000003 0.47851600000000005 0.040624999999999994 0.0367187
3 0.5128909999999999 0.602344 0.0382813 0.04375
3 0.41764114336545966 0.615211870498835 0.033927809469798745 0.035812687773676445
9 0.6922050829636458 0.6535377293443484 0.03769756607755415 0.07351025385123043
9 0.5514675029407745 0.37233552480872156 0.022618539646533164 0.1357112378791955
9 0.6114694622808837 0.13766817597594747 0.19539905083532322 0.01570731919898084
9 0.8309892454189653 0.48786933432034707 0.017592197502858717 0.011937562591225468
10 0.8636604693528455 0.6138420342961736 0.02638829625428799 0.047750250364901846
3 0.9212467072320406 0.70583387133122 0.03125 0.0546875
