8 0.4703129999999999 0.320703 0.05 0.04921880000000001
4 0.43164100000000005 0.703516 0.04921880000000001 0.053906300000000004
3 0.15820300000000004 0.49375 0.07890630000000001 0.0484375
9 0.94375 0.7265619999999999 0.08125 0.065625
9 0.21798976575076925 0.671483999999999 0.012626094504616022 0.13515599999999972
9 0.403125 0.665625 0.0109375 0.129688
9 0.31870746849846077 0.4675364684984609 0.02647843699692304 0.011802763003077112
8 0.514453 0.4519530000000001 0.11015599999999999 0.06328130000000001
9 0.17917273910615136 0.46757799999999705 0.1239702782123035 0.013281299999999935
9 0.5128910000000001 0.707422 0.010156199999999999 0.05078119999999999
3 0.48906200000000005 0.491406 0.040625 0.025
9 0.3238279999999997 0.34483793699692256 0.014843699999999984 0.25373787399384545
0 0.25425446849846145 0.6691409999999994 0.05711526300307743 0.11953099999999992
3 0.5308589999999997 0.49104764862615385 0.03984369999999997 0.024155702747692017
9 0.541016 0.686719 0.0664062 0.0125
7 0.5468750000000001 0.560156 0.0484375 0.05
3 0.4886719999999999 0.416406 0.0429688 0.0234375
9 0.3800780000000001 0.6050572342492305 0.05859379999999999 0.013323231501538559
3 0.158594 0.439844 0.07968749999999998 0.04375
9 0.379687 0.701953 0.0484375 0.008593750000000002
9 0.35820300000000005 0.715625 0.008593750000000002 0.0328125
5 0.319531 0.7125 0.0484375 0.03437500000000001
5 0.546094 0.6374999999999998 0.0421875 0.053125
2 0.16601600000000002 0.605469 0.0835937 0.0234375
3 0.530469 0.415625 0.0421875 0.021875
2 0.274219 0.46914100000000003 0.0734375 0.0195312
9 0.246875 0.6050572342492305 0.08437499999999996 0.013323231501538383
2 0.320312 0.6042970000000001 0.075 0.0210938
9 0.11171900000000001 0.40820300000000004 0.017187500000000005 0.414844
3 0.5406250000000001 0.3007810000000001 0.059375 0.151562
11 0.225391 0.201953 0.0820312 0.0414063
11 0.4312500000000001 0.199219 0.126563 0.040625
9 0.3975719369969224 0.7358954684984604 0.3720431260061542 0.015709063003076854
9 0.535937 0.19960900000000004 0.0984375 0.0320312
9 0.14765599999999998 0.19960899999999998 0.0890625 0.0351562
9 0.317969 0.19960900000000004 0.11875 0.0335938
9 0.577344 0.4695309999999999 0.01875 0.5437499999999998
1 0.3761628842323438 0.6312794631610409 0.04789475770153263 0.03497077546461097
10 0.37768335273080483 0.6749929324918044 0.04789475770153295 0.0311696042184577
8 0.13402827585237356 0.3876243862826094 0.03192983846768838 0.035731009713841785
8 0.13478851010160423 0.23785823918416626 0.03192983846768838 0.035731009713841785
3 0.19560725004005836 0.3131214298580032 0.15508778684305793 0.12543865112306152
