9 0.44531200000000004 0.9964839999999998 0.05000000000000002 0.00703125
5 0.5902339999999999 0.9382809999999999 0.0460938 0.04218750000000001
9 0.46992200000000006 0.984375 0.010156199999999999 0.0296875
9 0.243359 0.979688 0.010156199999999999 0.040625
9 0.07109380000000001 0.979297 0.021874999999999995 0.04140630000000001
9 0.8007809999999995 0.6819238148148149 0.010937499999999996 0.18615137037037058
9 0.21953100000000003 0.9652339999999999 0.05625 0.013281300000000001
2 0.16484400000000002 0.9644529999999999 0.0703125 0.0210938
2 0.8632809999999997 0.8199220000000002 0.0703125 0.0164062
9 0.48007799999999995 0.941406 0.011718799999999998 0.04218750000000001
9 0.45429700000000006 0.921484 0.06015619999999999 0.011718799999999998
9 0.9398440000000001 0.8210940000000001 0.09531249999999997 0.012500000000000004
2 0.901953 0.966797 0.07578119999999999 0.022656300000000008
9 0.09765619999999998 0.9644530000000003 0.08125 0.0148437
9 0.8097659999999999 0.7996090000000001 0.027343799999999994 0.055468699999999996
9 0.9722660000000001 0.709766 0.010156199999999999 0.21015600000000004
11 0.604688 0.586719 0.132812 0.0390625
9 0.9679690000000001 0.9679690000000001 0.06406249999999998 0.0203125
11 0.27265599999999995 0.585938 0.11875 0.0375
9 0.4046613333333335 0.7941409999999993 0.015572966666666748 0.4007809999999998
9 0.43656200000000034 0.5882407407407402 0.21437500000000054 0.03133101851851842
9 0.641016 0.9664059999999999 0.442969 0.0203125
11 0.8738279999999999 0.589844 0.06484380000000001 0.0390625
9 0.16484400000000002 0.587891 0.10625 0.0320312
9 0.943359 0.588281 0.08984379999999997 0.03125
9 0.7546869999999994 0.5878497407407406 0.17968799999999996 0.030549718518518513
11 0.08085940000000001 0.589844 0.07890630000000001 0.0375
9 0.023828099999999998 0.588281 0.04453119999999999 0.0328125
7 0.53359173126615 0.9373385012919896 0.04392764857881135 0.04521963824289407
4 0.6763565891472868 0.9360465116279069 0.05038759689922481 0.05038759689922481
7 0.37532299741602054 0.9244186046511628 0.047803617571059415 0.04521963824289407
1 0.21640826873385005 0.9870801033591734 0.04521963824289406 0.025839793281653457
2 0.0310077519379845 0.9657622739018085 0.062015503875969 0.021963824289405676
9 0.41947614814814826 0.7926595185185178 0.015572966666666748 0.4007809999999998
