9 0.3011719999999999 0.7275767568692295 0.03203119999999995 0.2129655137384609
8 0.5609380000000002 0.6296870000000001 0.126563 0.06406249999999998
9 0.7871089999999995 0.6800681171246151 0.03984369999999998 0.011781797252307886
3 0.35273399999999994 0.48945299999999997 0.06953119999999999 0.155469
11 0.3062500000000001 0.594141 0.04375 0.0742188
2 0.736328 0.6800780000000001 0.0742188 0.0195312
2 0.7210939999999999 0.828906 0.1 0.025
5 0.9289059999999999 0.733984 0.0375 0.055468699999999996
9 0.932031 0.7808590000000001 0.0375 0.010156199999999999
7 0.341406 0.727734 0.0515625 0.05703130000000001
9 0.91875 0.803125 0.0109375 0.053125
9 0.30161541437692274 0.47208565750769205 0.03448012875384661 0.1816703150153874
9 0.8089839999999999 0.801172 0.013281300000000001 0.055468699999999996
9 0.34687499999999993 0.779297 0.0734375 0.013281300000000001
9 0.8085939999999999 0.6597659999999999 0.0140625 0.0960938
0 0.8815668198723059 0.6519114684984612 0.12905336025538414 0.06492776300307718
9 0.4856943602553849 0.8300364684984595 0.37236227948922873 0.013365263003076742
11 0.47656200000000004 0.395703 0.090625 0.0429688
9 0.37851599999999996 0.801562 0.0117188 0.053125
9 0.8608430541215369 0.8304264684984608 0.20293610824307584 0.011021563003077446
9 0.8773439999999991 0.617546351373846 0.15468699999999994 0.01178179725230788
2 0.807813 0.740625 0.021875 0.084375
11 0.723828 0.397656 0.0898438 0.046875
9 0.8639888198723074 0.3933590000000005 0.19829063974461492 0.03671869999999991
9 0.9546869999999982 0.6147599369969226 0.018749999999999968 0.4370371534830748
9 0.5999999999999995 0.3945211171246153 0.1734379999999999 0.034437997252307825
9 0.3637244143769227 0.39414099999999935 0.1475511712461529 0.032199426006154365
3 0.5790069175938026 0.5890935016417458 0.045614054953840605 0.025087730224612293
3 0.5349133311384232 0.5898537358909764 0.045614054953840605 0.025087730224612293
3 0.5797671518430332 0.6704385663094282 0.045614054953840605 0.025087730224612293
3 0.5333928626399619 0.6719590348078895 0.045614054953840605 0.025087730224612293
8 0.4163167882584377 0.500526211606372 0.053216397446147264 0.05169592894768591
5 0.41897760813074525 0.7996783886786432 0.05093569469845534 0.046374289203071115
4 0.5242700516491938 0.7985380373047971 0.054736865944608706 0.06081873993845403
1 0.8327484651692513 0.8004386229278738 0.03801171246153394 0.05549710019383922
3 0.8665788892600164 0.509268905472525 0.1634503635845955 0.1330409936153683
8 0.9323391518184674 0.5898537358909764 0.03192983846768847 0.03573100971384141
8 0.9323391518184674 0.4256431380571503 0.03192983846768847 0.03573100971384141
9 0.6312863891231215 0.5434794466879053 0.010643279489229447 0.2774855009691966
9 0.663596344715425 0.6803216115494279 0.07222225367691286 0.011403513738460097
3 0.6609355248431185 0.47239754438483716 0.05169592894768591 0.08362576741537438
3 0.6609355248431185 0.5529823748032888 0.05169592894768591 0.08362576741537438
3 0.6616957590923491 0.6335672052217405 0.05169592894768591 0.08362576741537438
10 0.8855847454907833 0.8015839274559238 0.031169604218457606 0.05473686594460862
