5 0.008984369999999998 0.377734 0.0179687 0.0460938
5 0.00859375 0.444531 0.015625 0.0390625
9 0.14609400000000003 0.5441410000000001 0.0296875 0.0117188
9 0.6953120000000002 0.407031 0.0125 0.0546875
9 0.521484 0.50625 0.022656300000000004 0.0125
9 0.7151924684984611 0.5058589999999997 0.03992786300307711 0.010156199999999995
8 0.8777339999999999 0.49414100000000005 0.04921880000000001 0.0929687
9 0.9875 0.54375 0.0234375 0.0125
9 0.9753909999999999 0.9011719999999996 0.04921880000000001 0.013281300000000001
9 0.6127521890092313 0.5062499999999993 0.16769137801846454 0.012499999999999966
3 0.0578125 0.530078 0.115625 0.02734380000000001
8 0.29843800000000004 0.3656249999999999 0.090625 0.05
9 0.703906 0.948438 0.173438 0.009375
3 0.9503909999999999 0.400781 0.030468800000000004 0.053125
9 0.235547 0.5433589999999999 0.028906299999999992 0.013281300000000001
9 0.13750000000000004 0.523438 0.0109375 0.0484375
9 0.7742190000000001 0.782812 0.0125 0.228125
9 0.9765619999999999 0.666406 0.046875 0.0125
5 0.615234 0.411719 0.02734380000000001 0.03437500000000001
3 0.713281 0.315625 0.0296875 0.053125
5 0.5636720000000001 0.3628910000000001 0.0382813 0.025781200000000008
8 0.909375 0.828125 0.0828125 0.053125
11 0.012890599999999997 0.253516 0.024218699999999992 0.0460938
9 0.9554689999999962 0.7900975226199983 0.014062499999999947 0.24636695475999956
9 0.03789060000000001 0.306641 0.0148437 0.07734369999999999
9 0.769922 0.8988279999999998 0.0414063 0.0117188
11 0.133594 0.254687 0.0828125 0.046875
9 0.694890351373846 0.3277339999999998 0.011781797252307966 0.11328099999999992
9 0.4984370000000001 0.9910159999999999 0.0875 0.0117188
5 0.6625 0.407031 0.0375 0.025
9 0.2484478828753846 0.4046869999999999 0.012562997252307974 0.267188
9 0.732813 0.524609 0.0125 0.04921880000000001
9 0.4386719999999999 0.524609 0.0117188 0.04921880000000001
9 0.6132809999999999 0.9605470000000002 0.0140625 0.07734369999999999
3 0.266797 0.4625 0.030468800000000004 0.05625
9 0.07109379999999989 0.5070211171246148 0.13906199999999977 0.011042528753846169
5 0.9902340000000001 0.48906200000000005 0.0195312 0.03437500000000001
2 0.48046900000000003 0.506641 0.0671875 0.0179687
2 0.192578 0.5429690000000001 0.0664062 0.0203125
9 0.792578 0.9503910000000001 0.0117188 0.0992187
9 0.870313 0.9003910000000002 0.16718700000000003 0.0148437
9 0.532031 0.44375 0.0125 0.121875
2 0.53125 0.310547 0.01875 0.0726563
2 0.8625 0.665625 0.0671875 0.017187500000000005
9 0.614062 0.3871089999999999 0.16093799999999997 0.024218699999999992
3 0.23046899999999998 0.315625 0.028125 0.0546875
9 0.8890630000000002 0.5429690000000001 0.16718700000000003 0.0125
9 0.971875 0.40742199999999995 0.01875 0.275781
9 0.030859400000000002 0.4214840000000001 0.025781200000000008 0.16484400000000002
3 0.649219 0.538281 0.0984375 0.025
2 0.775781 0.5441410000000001 0.0671875 0.0179687
2 0.6957030000000001 0.4636719999999999 0.0179687 0.0742188
3 0.2660159999999999 0.511719 0.028906299999999992 0.0546875
5 0.7941410000000001 0.745703 0.0351562 0.0382813
9 0.923047 0.6667969999999999 0.061718800000000004 0.013281300000000001
5 0.7527340000000001 0.964844 0.0351562 0.028125
3 0.21289100000000002 0.450781 0.0382813 0.0421875
9 0.34375 0.5441409999999999 0.19843699999999997 0.013281300000000001
5 0.714844 0.385938 0.0265625 0.03437500000000001
3 0.860937 0.335938 0.03593749999999999 0.03437500000000001
9 0.801953 0.6667970000000001 0.061718800000000004 0.0148437
5 0.0558594 0.4636719999999999 0.028906299999999992 0.0367187
5 0.702734 0.964844 0.0351562 0.028125
5 0.6527339999999999 0.965625 0.0335938 0.028125
9 0.230078 0.25507799999999997 0.116406 0.0382813
5 0.5125 0.385156 0.028125 0.0375
11 0.823438 0.253125 0.0890625 0.0453125
3 0.891406 0.782031 0.03593749999999999 0.0390625
3 0.3062500000000001 0.322656 0.0453125 0.040625
3 0.928125 0.8722659999999999 0.03437500000000001 0.0414063
3 0.890625 0.8726560000000001 0.03437500000000001 0.040625
3 0.17617199999999997 0.451172 0.0367187 0.0414063
3 0.928516 0.782812 0.0367187 0.040625
11 0.478906 0.25507799999999997 0.084375 0.04921880000000001
5 0.7953130000000002 0.853125 0.0328125 0.0390625
11 0.6300779999999999 0.25273400000000007 0.0835937 0.0429688
3 0.833984 0.509375 0.0429688 0.0375
3 0.30937500000000007 0.40898399999999996 0.03593749999999999 0.0414063
9 0.9300779999999998 0.254297 0.139844 0.0382813
3 0.8339839999999998 0.471875 0.0414063 0.0375
9 0.7277339999999995 0.2550987657507693 0.11953099999999994 0.03823916849846125
9 0.0585938 0.254297 0.08125 0.0398437
3 0.11093699999999998 0.371875 0.03437500000000001 0.03593749999999999
9 0.5542969999999999 0.254687 0.0820312 0.0390625
9 0.403125 0.254687 0.08125 0.0390625
11 0.327734 0.253125 0.0851562 0.04375
3 0.40898399999999996 0.45898399999999995 0.0367187 0.0382813
3 0.921484 0.48476600000000003 0.0398437 0.0445312
3 0.18945299999999998 0.364062 0.0460938 0.040625
8 0.19804102192459108 0.4069437616733137 0.09046787565845045 0.047894757701532634
10 0.565994398552238 0.4137858699163898 0.02508773022461225 0.0372514782123028
10 0.6610236797060729 0.3582887697225505 0.025087730224612293 0.04181288370768715
10 0.4754383680308334 0.9551461792953901 0.03953218095999512 0.025847964473842803
2 0.5373974593431334 0.9570467649184669 0.012923982236921478 0.06005850568922329
