9 0.26052623424922994 0.5762881787477315 0.011760831501538527 0.025548142504538417
9 0.5089839999999994 0.9179228700660977 0.04140629999999997 0.1641532598678077
9 0.2535484952848624 0.9472658249999999 0.024152009430275817 0.10546835000000007
9 0.30819377401321973 0.5753841826754801 0.0898255480264382 0.011730934649040892
2 0.16250000000000003 0.892578 0.0734375 0.0195312
5 0.282813 0.9863280000000002 0.0296875 0.02734380000000001
2 0.13710900000000006 0.2414152259867807 0.021093799999999992 0.07349215592068349
9 0.38164100000000006 0.405793009430276 0.23359400000000008 0.028772818860550095
9 0.26015600000000005 0.6968749999999999 0.012499999999999995 0.10625
9 0.5074579039471228 0.32347972127164326 0.03977099210575538 0.17176628815863304
2 0.35820299999999855 0.27662511896456393 0.017968699999999928 0.07512473792912808
2 0.13750000000000004 0.4097660000000001 0.01875 0.0726563
11 0.5063262165565054 0.797656 0.045160766886990625 0.0859375
9 0.225391 0.891797 0.0726563 0.011718800000000003
11 0.5059318078942456 0.6468691826754798 0.0443855842115118 0.08442353859616332
9 0.26015600000000005 0.865625 0.012499999999999995 0.04999999999999998
9 0.25898399999999994 0.4044994721253245 0.011718799999999984 0.1863130557493502
2 0.258594 0.8136719999999997 0.0203125 0.07890630000000001
2 0.13749418267547975 0.0328367692980816 0.018774269298081667 0.0656735385961632
9 0.033203100000000006 0.4664001826754797 0.06484380000000001 0.026574634649040828
2 0.2593749999999999 0.619540225986781 0.01875 0.07036705592068283
9 0.06521308936417858 0.8929806346490409 0.13042617872835716 0.012524269298081443
9 0.507476355920684 0.7214815913377405 0.03973448815863334 0.07586012521876596
9 0.5082607645829436 0.5098453426503324 0.03972847083411306 0.20687211469933905
2 0.25898399999999994 0.5316526346490409 0.01953119999999999 0.07111806929808138
2 0.259766 0.2777339999999999 0.0195312 0.0742188
9 0.0675779999999999 0.3618638983569244 0.1351559999999998 0.012125260742868245
9 0.6938028431855617 0.9422488906767703 0.36123512677349373 0.03953431644945933
9 0.8511649263079177 0.5717115717975267 0.043410229826857355 0.7852600502608337
9 0.6980663479006992 0.1980735222163599 0.34960738664129615 0.0395343164494593
9 0.37248962419926857 0.1969107482031405 0.23953144672319454 0.09147155570659216
9 0.508146592408199 0.12209844570369838 0.039534316449459345 0.24419689140739675
6 0.4395429256282539 0.027131393641785788 0.10542484386522569 0.054262787283571576
6 0.32249034163083523 0.027131393641785784 0.10542484386522569 0.054262787283571576
9 0.2639640496321255 0.07790585888569927 0.022480297588908172 0.15581171777139854
10 0.3937927991436338 0.37557600626986337 0.024805845615347034 0.03953431644945932
10 0.45658259585748096 0.3751884149321235 0.026356210966306214 0.0387591337739797
10 0.3860409723888377 0.4387533943214505 0.026356210966306207 0.037208768423020754
5 0.30697233948991937 0.4341022982685726 0.03565840307206134 0.029456941668224688
5 0.3100730701918377 0.3782891456340419 0.03565840307206134 0.029456941668224688
9 0.4229208099842002 0.5753841826754801 0.14098760460809054 0.011730934649040887
9 0.35270811734321567 0.4600709178971394 0.012402922807673508 0.089146007680154
2 0.3527081173432154 0.532938089392221 0.015503653509591906 0.06589052741576547
3 0.3251891323636898 0.6926257205410173 0.03953431644945932 0.0457357778532961
3 0.3674365881773276 0.6015417561721651 0.0387591337739797 0.04030949912493887
3 0.45270668248008306 0.6930133118787571 0.038759133773979756 0.046510960528775736
8 0.38914170309075624 0.6953388599051962 0.08992119035563291 0.09147155570659204
3 0.41317236603062346 0.5937899294173692 0.0542627872835716 0.029456941668224747
3 0.46510960528775636 0.5937899294173692 0.0542627872835716 0.029456941668224747
3 0.27906576317265386 0.7158812008054052 0.027906576317265393 0.0565883353100104
9 0.2732518931065569 0.7585162479567831 0.03798395109850008 0.03643358574754093
9 0.3914672511171953 0.7449505511358904 0.20309786097565394 0.010852557456714191
9 0.24805845615347016 0.7705315794267168 0.020154749562469435 0.01395328815863266
3 0.3527081173432154 0.7825469108966503 0.0387591337739797 0.03953431644945925
3 0.4368154376327512 0.8061899824987777 0.03953431644945932 0.044960595177816455
8 0.3961183471700727 0.7957250163798034 0.048061325879734905 0.09224673838207177
5 0.2841044505632712 0.9174430450614233 0.03488322039658172 0.03488322039658179
3 0.4143351400438432 0.9655043709411579 0.036433585747540964 0.03488322039658165
5 0.22131465384942411 0.9360474292729335 0.03643358574754093 0.036433585747541034
3 0.06589052741576552 0.9589153181995813 0.04806132587973484 0.038759133773979756
9 0.09728542577268907 0.7705459280580402 0.12325404540125551 0.01395328815863266
2 0.19612121689633735 0.7697707453825601 0.08837082500467376 0.02015474956246949
2 0.1406956555995463 0.6941904345233 0.016278836185071477 0.12635477610317378
2 0.13798251623536775 0.5596962403275905 0.020154749562469453 0.0930219210575513
9 0.1379825162353679 0.6193853063395192 0.013953288158632528 0.03565840307206141
9 0.1368197422221484 0.4903173908721679 0.01627883618507148 0.05968906601193073
9 0.1015489304878269 0.4608604492039424 0.0775182675479593 0.01472847083411225
9 0.0643401620648063 0.5430298128047801 0.01860438421151026 0.17441610198291044
9 0.13720733355988826 0.4500078917472281 0.012402922807673508 0.019379566886989493
9 0.07558031085926042 0.6224860370414376 0.03798395109850011 0.015503653509591837
9 0.0461233691910359 0.7317867942840605 0.0922467383820718 0.012402922807673413
3 0.07674308487247983 0.7027174439535757 0.027906576317265393 0.05503796995905128
3 0.07596790219700023 0.6515553873719223 0.027906576317265393 0.05503796995905128
8 0.06046424868740845 0.9170554537236838 0.1209284973748169 0.04030949912493919
9 0.1379750420222426 0.32812483058194464 0.012417871233922325 0.10739162966168962
9 0.13719985934676293 0.13550214522277934 0.01241787123392238 0.15069508501533993
9 0.06860366677994413 0.12402922807673507 0.13720733355988826 0.01395328815863266
9 0.35876208582848773 0.3540360829127088 0.012172289945547319 0.08776861697578851
