6 0.13843248685697593 0.3493601718502808 0.09387528299230329 0.2090296220510806
9 0.08733224913944447 0.4539559604796502 0.013479831618017902 0.19775818213348148
9 0.14898851460553528 0.5513145830479296 0.29797702921107055 0.02530957846699529
9 0.2832409418668831 0.30927835051546343 0.02068336483632072 0.4690721649484529
9 0.33505154639175244 0.48031500572737684 0.10309278350515458 0.031638029782359835
9 0.4993556701030929 0.4803150057273768 0.11469072164948453 0.031638029782359585
9 0.7765234822451315 0.47957426498663563 0.20726231386025204 0.02796487208858335
9 0.7341235612819649 0.282647708187009 0.016288959910293388 0.39862210939917536
9 0.7010309278350513 0.13144329896907223 0.06443298969072161 0.010309278350515426
9 0.6739690721649481 0.11018041237113406 0.012886597938144473 0.047680412371133976
9 0.7519329896907216 0.13015463917525774 0.037371134020618556 0.010309278350515462
9 0.7648195876288644 0.10953608247422666 0.011238050292314198 0.05043999642877349
9 0.7313516609392898 0.0833113783886979 0.34930126002290957 0.018944253531882366
9 0.9684278350515437 0.47938144329896865 0.06314432989690708 0.03000060023295917
9 0.967602792667023 0.23207466723892092 0.06479441466594749 0.01172755441490978
9 0.992119732817144 0.346649484536082 0.010605895190451768 0.23969072164948402
9 0.8563144329896906 0.24355670103092775 0.01675257731958763 0.07989690721649484
9 0.7974810077341309 0.27808630269162526 0.12588985051981083 0.011894554984266621
9 0.8685567010309261 0.23128202892204566 0.023195876288659777 0.009085426691990806
9 0.8570746672389198 0.11920103092783502 0.012191171824204101 0.07603092783505142
9 0.9838917525773192 0.08569587628865977 0.03221649484536141 0.0244845360824742
9 0.3827319587628861 0.08402709937023001 0.2268041237113399 0.019626513747153324
9 0.21628172880556604 0.08838910022861203 0.11640561455381525 0.026366429556162245
9 0.06701030927835028 0.08417540779019837 0.061855670103092564 0.01899589576850246
9 0.07128880985205409 0.12177835051546382 0.021443599085551587 0.08376288659793805
9 0.07826053436570997 0.1535823241685642 0.030232408937605634 0.020154939291737003
9 0.22029601660697767 0.15373063258853276 0.12384095647676499 0.021972024630135277
9 0.4162371134020614 0.22592798510978596 0.012886597938144317 0.047216794961840246
9 0.35180412371133957 0.24510957359703403 0.13402061855670083 0.01037408648580532
9 0.4175257731958763 0.11791237113402062 0.015463917525773195 0.0657216494845361
9 0.3112113402061857 0.11855670103092784 0.04768041237113403 0.010309278350515448
9 0.33182989690721654 0.10309278350515466 0.011597938144329824 0.03608247422680409
10 0.35695876288659817 0.1134020618556701 0.03350515463917543 0.04639175257731961
1 0.3975515463917526 0.11469072164948457 0.03221649484536081 0.0463917525773196
2 0.5283505154639175 0.08505154639175255 0.0824742268041237 0.025773195876288648
2 0.12564432989690716 0.08762886597938144 0.0708762886597938 0.030927835051546358
2 0.125 0.15463917525773194 0.07216494845360824 0.03350515463917526
11 0.413659793814433 0.4768041237113402 0.07474226804123711 0.03608247422680412
11 0.6114690721649483 0.4793814432989691 0.13530927835051546 0.043814432989690705
11 0.907216494845361 0.4787371134020617 0.07989690721649484 0.037371134020618556
2 0.9072164948453608 0.23195876288659797 0.06443298969072163 0.020618556701030924
2 0.9420103092783506 0.08569587628865978 0.07989690721649484 0.02963917525773195
2 0.856958762886598 0.1759020618556701 0.020618556701030924 0.0657216494845361
10 0.7938144329896908 0.11146907216494842 0.03350515463917512 0.04768041237113403
1 0.8376288659793815 0.11146907216494846 0.03608247422680412 0.05283505154639175
5 0.7538659793814433 0.17912371134020616 0.03350515463917526 0.0463917525773196
0 0.7951030927835049 0.24548969072164945 0.11597938144329895 0.057989690721649396
7 0.7061855670103089 0.24340839261095928 0.046391752577319555 0.051843008592513895
5 0.707474226804124 0.15786082474226804 0.04123711340206185 0.0502577319587629
4 0.5960051546391752 0.11211340206185565 0.04768041237113402 0.051546391752577296
2 0.4162371134020617 0.17719072164948454 0.01804123711340206 0.07345360824742268
0 0.3202319587628866 0.2132731958762887 0.05541237113402062 0.05541237113402062
5 0.30541237113402064 0.15270618556701035 0.03608247422680412 0.045103092783505154
6 0.2304208310138877 0.3493601718502808 0.09387528299230329 0.2090296220510806
9 0.04713452345230184 0.36255000911644175 0.09426904690460368 0.018245621981536075
