2 0.2132770986267167 0.7140590986267168 0.023429697253433288 0.07344530274656692
9 0.2342416279650437 0.2357802197253429 0.46848225593008735 0.03312656054931334
9 0.20820300000000003 0.8710939999999998 0.0210938 0.251563
9 0.2222425917602996 0.6546879999999997 0.04917198352059936 0.053124999999999964
9 0.4546997041198497 0.2528231435705367 0.03467345505617959 0.05967345505617967
9 0.4555571435705369 0.6429689999999995 0.04044841285892639 0.07656249999999998
9 0.3433208489388266 0.6423220973782775 0.20474406991260927 0.02621722846441945
9 0.3358302122347067 0.7509363295880149 0.014981273408239702 0.058676654182272164
9 0.23096129837702872 0.7727840199750312 0.02746566791510612 0.014981273408239702
9 0.31835205992509363 0.7727840199750312 0.02746566791510612 0.014981273408239702
2 0.2765138618049752 0.7730110089660652 0.06809669731018031 0.018571826539140034
2 0.33429287770452226 0.6904695576809979 0.018571826539140145 0.07016023359230707
9 0.4519144457857427 0.8374965177825239 0.030953044231900245 0.32500696443495236
6 0.387944821039816 0.8725766345786772 0.1052403503884605 0.21357600520011133
6 0.27445032552284826 0.8787672434250575 0.10524035038846043 0.20325832378947747
