9 0.21920107128589283 0.29428838951310865 0.039207876154806434 0.5885767790262173
9 0.8705540224719094 0.8858605605493125 0.03389225505617935 0.07359067890137294
9 0.8773440000000001 0.18281200000000003 0.0203125 0.0390625
9 0.93632825 0.854297 0.1273434999999998 0.0273438
9 0.8703198027465657 0.03593359862671658 0.03435939450686611 0.07186719725343316
9 0.934375 0.20257331835205997 0.1265630000000001 0.0317093367041198
9 0.11922596754057427 0.5705368289637957 0.23845193508114854 0.034956304619226
9 0.8707865168539315 0.5330836454431961 0.03370786516853932 0.6491885143570539
9 0.661048689138577 0.0848938826466916 0.01872659176029966 0.1697877652933832
9 0.7621722846441945 0.20536828963795234 0.22347066167290877 0.0861423220973782
6 0.7134831460674156 0.04119850187265916 0.09363295880149813 0.08239700374531832
6 0.8108614232209735 0.04119850187265916 0.09363295880149815 0.08239700374531832
