2 0.8408643305128577 0.8992189999999991 0.016102661025717658 0.0718749999999999
5 0.942187 0.896484 0.03125 0.047656199999999996
9 0.26289100000000004 0.980469 0.028906299999999992 0.0390625
11 0.40307477683761933 0.7757809999999996 0.038961253675238956 0.05937499999999996
9 0.839844 0.9507809999999999 0.012500000000000004 0.0453125
9 0.9449220000000002 0.9363280000000003 0.0320312 0.010156199999999999
9 0.467969 0.9554690000000001 0.010937499999999998 0.0453125
0 0.9016327435714508 0.8263213532672057 0.11392151285709529 0.05360709346558469
9 0.9832029999999997 0.9364294463247606 0.033593799999999986 0.009953907350477442
9 0.8399589358928629 0.833593999999999 0.011808084642821667 0.08281249999999993
9 0.8992187499999996 0.9824219999999978 0.20156250000000067 0.019531199999999943
9 0.40034974074073915 0.8834275452138125 0.030549718518518416 0.170935412479063
9 0.4025336125264661 0.6712008531803448 0.0308697749470664 0.16439883039169892
9 0.8984797644352466 0.794416064107135 0.12647747112950167 0.012269428214273952
9 0.934375 0.9550779999999999 0.009375 0.0460938
5 0.7644529999999995 0.9813002231623803 0.07890629999999998 0.021976246324761268
9 0.3317562316238047 0.9753397768376175 0.15992553675238838 0.02996276837619503
9 0.8996094999999993 0.6028856694871404 0.20078100000000165 0.030165161025715485
9 0.5671869999999997 0.9813649358928628 0.3156249999999997 0.018058184642822234
9 0.44140599999999997 0.935938 0.0609375 0.012500000000000004
9 0.4539059999999995 0.6033558717857257 0.12968799999999978 0.030788756428547642
9 0.6585939999999999 0.602344 0.146875 0.03125
11 0.5521411073504774 0.6019529999999995 0.0745952147009565 0.03203119999999993
11 0.766204107350477 0.6042969999999993 0.07303271470095722 0.039843699999999954
9 0.9652339999999983 0.7906112147009554 0.019531199999999967 0.37340942940191174
10 0.9051370200881843 0.9532303447876633 0.029120728717115418 0.044122316238053544
1 0.8601322575253696 0.9519066753005215 0.030885621366637476 0.046769655212336836
5 0.5036239423218966 0.9519066753005214 0.04500476256281465 0.039710084614248395
4 0.5927510211227649 0.949700559488619 0.048534547861859026 0.051181886836142304
7 0.43435190582815236 0.8901354325672461 0.04412231623805364 0.046769655212336836
7 0.9872045282909632 0.890135432567243 0.025590943418070732 0.046769655212336725
