9 0.3976560000000004 0.7566404999999999 0.020312500000000032 0.48671899999999974
8 0.8289059999999999 0.7863279999999999 0.142188 0.07109380000000001
2 0.6363280000000001 0.8554689999999999 0.0914062 0.021874999999999995
5 0.4261719999999999 0.8925779999999999 0.04453119999999999 0.05703130000000001
9 0.4386719999999999 0.9789059999999999 0.011718799999999998 0.04218750000000001
9 0.4914060000000001 0.776563 0.18281199999999997 0.0140625
9 0.7476559999999985 0.6929990310077521 0.01718749999999998 0.3268617726098194
0 0.4828120000000001 0.816406 0.15625 0.075
9 0.5738280000000001 0.973828 0.0148437 0.05078119999999999
2 0.5747450051679586 0.9093750000000003 0.01878033100775194 0.0984375
9 0.42148399999999997 0.9613279999999998 0.04140630000000001 0.013281300000000001
11 0.9183590000000003 0.5137919896640828 0.157031 0.049458979328165176
9 0.5738279999999997 0.8185250361757105 0.016406199999999992 0.09486207235142113
11 0.6355469999999996 0.5182390103359169 0.09615406201550394 0.050541020671834615
9 0.49414100000000005 0.516016 0.20859400000000006 0.0429688
9 0.7621089999999999 0.515625 0.169531 0.04218750000000001
10 0.48191214470284266 0.9780361757105939 0.03875968992248062 0.043927648578811505
1 0.5394056847545216 0.9767441860465115 0.042635658914728654 0.04651162790697717
9 0.7183462532299738 0.8552971576227388 0.07493540051679556 0.015503875968992243
3 0.5025839793281652 0.6485788113695091 0.18863049095607234 0.15503875968992248
3 0.7131782945736437 0.6136950904392764 0.059431524547803614 0.09819121447028423
3 0.7131782945736437 0.7054263565891472 0.059431524547803614 0.09819121447028423
3 0.7131782945736437 0.7984496124031009 0.059431524547803614 0.09819121447028423
8 0.9670542635658913 0.6401808785529717 0.06072351421188632 0.06072351421188632
5 0.9689922480620156 0.978682170542636 0.059431524547803614 0.042635658914728404
4 0.8540051679586556 0.9735142118863048 0.0671834625322997 0.05297157622739017
3 0.7758397932816544 0.9760981912144702 0.09689922480620154 0.04780361757105957
3 0.8094315245478038 0.7396640826873383 0.05555555555555555 0.029715762273901807
3 0.8630490956072352 0.739664082687338 0.051679586563307185 0.029715762273901807
3 0.8094315245478038 0.8352713178294572 0.05555555555555555 0.029715762273901807
3 0.8611111111111113 0.83656330749354 0.05555555555555555 0.029715762273901807
9 0.5857994118766037 0.8552971576227332 0.022251167045112662 0.015503875968992163
8 0.4255466960326902 0.7415963786864919 0.03930411068522582 0.041812883707685156
8 0.42554669603269013 0.554274659676053 0.03930411068522582 0.041812883707685156
