11 0.21374946981724277 0.5588603493042069 0.07354853460370307 0.03761733943528163
11 0.583918199308901 0.5607235142118874 0.07481314280384854 0.04134366925064599
11 0.7992315556800577 0.5574935400516803 0.11729916254169369 0.03488372093023256
2 0.5930232558139535 0.9366925064599484 0.08010335917312661 0.025839793281653745
2 0.13759689922480617 0.9366925064599484 0.07881136950904394 0.025839793281653745
2 0.2739018087855297 0.8481912144702842 0.01808785529715762 0.07105943152454781
2 0.5406976744186047 0.8514211886304908 0.01937984496124031 0.06976744186046512
7 0.8971508732605119 0.8451856990754045 0.044947741353061815 0.04696054543762833
5 0.8354957765947837 0.9076227390180882 0.04825253510171138 0.040051679586563284
10 0.02260981912144703 0.9056847545219638 0.04521963824289406 0.05167958656330749
10 0.3423772609819122 0.9102067183462532 0.0310077519379845 0.047803617571059415
10 0.4702842377260983 0.9114987080103358 0.0310077519379845 0.047803617571059415
1 0.5129198966408268 0.9082687338501292 0.03617571059431524 0.049095607235142114
1 0.30361757105943155 0.910206718346253 0.03359173126614987 0.05038759689922481
5 0.3845776930979571 0.8395825136203894 0.03446218486351746 0.046090091840261097
5 0.42915133650881016 0.8403781476293156 0.03317019519943491 0.04539665888371411
0 0.47007346969274055 0.7853800765853911 0.11844151302889194 0.054019050465579574
0 0.34117378163824 0.785516025030308 0.11645609040826285 0.054290947355412074
9 0.3992248062015509 0.5584251225055189 0.3100775193798449 0.02845115407375601
9 0.40676597615268695 0.7493540051679587 0.01652396874324328 0.37467700258397924
9 0.6808785529715763 0.558003586438804 0.131782945736434 0.02845115407375525
9 0.9244186046511631 0.5584251225055186 0.15116279069767385 0.028451154073755727
9 0.10326095551362925 0.5585994766045035 0.16298713290039019 0.028992314058304124
9 0.9317353158369722 0.7680878552971574 0.028301514896872076 0.41731266149870727
9 0.47803617571059415 0.7542363762024908 0.1343669250646001 0.011505649263797497
9 0.5403372672083628 0.7874677002583985 0.012348721397227567 0.08139534883720889
9 0.27390180878552944 0.7881136950904397 0.012919896640826802 0.07493540051679545
9 0.540051679586563 0.9056847545219643 0.012919896640826876 0.056847545219638154
9 0.2739018087855295 0.8895348837209306 0.012919896640826876 0.03488372093023259
9 0.43827008374582993 0.9122058316988523 0.010064020422830692 0.04638937019403094
9 0.37575822421470406 0.9113490688334531 0.00991438124594627 0.04551891659666192
9 0.42894056847545203 0.892839677469579 0.02842377260981903 0.007901577161379812
9 0.38501291989664066 0.8921188630490954 0.02842377260981903 0.00904392764857881
9 0.8906390446847879 0.8922327911409339 0.05851519228417193 0.009271783832254608
9 0.8647759031092577 0.9119942457440053 0.010064020422829818 0.04616994469002936
9 0.053388002648044955 0.9382632889091289 0.10677600529608991 0.020097387695772892
9 0.41351434778303875 0.9382913872359845 0.2989728148290515 0.020041191042057867
9 0.7726700019607962 0.938177459144147 0.29897281482905147 0.02061236628565716
9 0.22759739636085363 0.9084855551834323 0.09409775662947494 0.015243932909585306
9 0.190255427618487 0.9263294098004838 0.01747243723026926 0.036886256375012326
9 0.27190739611824843 0.9224466459715355 0.015758911499471152 0.03688625637501232
9 0.9583628201039521 0.9636729133272585 0.08327435979209566 0.026264852499120726
4 0.7513148009015775 0.9064302451771219 0.052417311690807766 0.053388002648044955
11 0.01282728256200336 0.558511641106235 0.02565456512400672 0.03875968992248055
9 0.33581354005436703 0.7542363762024908 0.1343669250646001 0.011505649263797497
9 0.1844896036825759 0.9374563108258765 0.026274061205568158 0.01770643255157882
