9 0.26875 0.563672 0.05156249999999998 0.011718799999999998
2 0.6394529999999998 0.5129853454786185 0.10859399999999995 0.02445516329933968
8 0.3185603090427629 0.8777340000000001 0.13712061808552556 0.06953120000000002
11 0.9542969499999995 0.9890503819144745 0.09140610000000025 0.021898436171051392
9 0.8042375087779585 0.9922823454786177 0.21339998244408317 0.012310609042762917
3 0.49726600000000004 0.9035160000000001 0.09765620000000003 0.13046900000000003
9 0.41358927260690714 0.6980469999999999 0.33499054521381405 0.01096093617105127
9 0.2847660000000001 0.9929690000000001 0.10546900000000001 0.012500000000000004
9 0.296484 0.7363279999999999 0.013281300000000001 0.07890630000000001
9 0.7612474814814817 0.9348319259259251 0.011880737037037313 0.12278885185185223
9 0.4488280000000001 0.5363280000000001 0.0195312 0.06796869999999999
9 0.266406 0.5128909999999999 0.07656250000000002 0.022656300000000008
9 0.23749999999999985 0.7559350775193795 0.0171875 0.4787548449612399
9 0.521484 0.555859 0.013281300000000001 0.07265630000000001
9 0.550082727393093 0.5871089999999999 0.06233404521381373 0.010960936171051388
9 0.7605469999999999 0.7996089999999999 0.013281300000000001 0.061718800000000004
9 0.4787046909572373 0.9929688749999999 0.14964485425657725 0.01406225000000007
9 0.294531 0.5347659999999999 0.0203125 0.05859380000000001
9 0.8415870516795865 0.36015600000000025 0.29182589664082714 0.020312500000000025
0 0.321875 0.656355963564144 0.154687 0.07677542712828844
2 0.577344 0.640234 0.01642973617105116 0.08984379999999995
2 0.7600616545213812 0.5737336545213815 0.016240345213814088 0.09164266329933969
9 0.7486266909572373 0.852047345478619 0.03868361808552574 0.050591809042762816
9 0.6977632428940568 0.5155050103359166 0.02052648578811359 0.020552679328165343
9 0.374219 0.559766 0.15781300000000006 0.021634720671834626
9 0.7050779999999999 0.4324670465116277 0.022656299999999997 0.15537790697674403
2 0.7606413454786184 0.7305865816496697 0.017021545213813757 0.08773646329933983
9 0.5191410000000001 0.513672 0.15234400000000003 0.024218699999999992
9 0.760938 0.6531249999999998 0.0140625 0.0859375
9 0.8789060000000001 0.6613280000000001 0.24218800000000001 0.0179687
9 0.269922 0.7722659999999997 0.05859380000000001 0.013281300000000001
10 0.48901808785529693 0.5497416020671835 0.042635658914728654 0.06072351421188655
5 0.46770025839793283 0.665374677002584 0.059431524547803614 0.04392764857881135
10 0.27325581395348825 0.5930232558139532 0.058139534883720936 0.03875968992248033
9 0.7365229328165376 0.5167969999999992 0.056702196382428814 0.017968699999999886
3 0.2962490560030444 0.8310997734407308 0.0543586936052821 0.029120728717115442
3 0.3486663676938522 0.8301290824834939 0.0543586936052821 0.029120728717115442
3 0.2962490560030444 0.9223447234210258 0.0543586936052821 0.029120728717115442
3 0.347695676736615 0.9223447234210258 0.0543586936052821 0.029120728717115442
7 0.3651681139668842 0.7335453322383942 0.06018283934870511 0.051446620733570564
5 0.46611997351955103 0.7311186048453011 0.05630007551975644 0.048534547861859026
4 0.5544528506281347 0.7359720596314869 0.060182839348705185 0.06018283934870498
8 0.5898830705672915 0.8835170851315385 0.05921214839146801 0.06018283934870511
11 0.37196295066754453 0.9893223994703912 0.07959665849344882 0.0213552010592181
11 0.6243425995492112 0.9902930904276285 0.15336917124347452 0.019413819144743227
3 0.7422815508535282 0.41515869826459906 0.06309491222041666 0.09998116859542967
3 0.9189473050706957 0.46175186421198355 0.15239848028623737 0.18734335474677583
8 0.8228489003042146 0.3850672785902464 0.039798329246724336 0.035915565417775984
3 0.8082885359456574 0.8941946856611476 0.08833287710858335 0.19025542761848743
