2 0.9604987021861898 0.33653273072838735 0.024267273930929513 0.10580531433885267
2 0.7906277846696834 0.4792243014422528 0.09609840476648088 0.022325892016455143
2 0.6100792666235678 0.38652331502610215 0.022325892016455212 0.09512771380924366
11 0.5761050831202664 0.9509801066595225 0.15628124411518604 0.04756385690462183
11 0.847898551146677 0.9451559609160997 0.10192255050990401 0.04562247499014746
8 0.7522854918588147 0.818966136475266 0.050475929776333396 0.11745360582569879
8 0.6615258873571384 0.66268489236008 0.11551222391122451 0.061153530305942304
8 0.5202903530791286 0.8194514819538844 0.06018283934870512 0.06018283934870512
5 0.49311100627648763 0.503976920851801 0.044651784032910286 0.054358693605282137
5 0.5411602086597279 0.44670615437480726 0.059212148391468 0.04076902020396161
3 0.44409111293601 0.8126566452532243 0.07280182179278846 0.18248989996058984
3 0.5892094110429685 0.6621995468814613 0.03688625637501286 0.05630007551975651
3 0.6348318860331159 0.6248279450278299 0.05435869360528207 0.028150037759878253
3 0.6911319615528724 0.6243425995492112 0.054358693605282137 0.029120728717115442
3 0.7867450208407345 0.8179954455180287 0.03009141967435263 0.05727076647699355
3 0.9085667359740008 0.6884082027268653 0.09124494998029492 0.18831404570401297
3 0.9027425902305778 0.5156252123386472 0.09706909572371805 0.06018283934870512
3 0.7556829102091449 0.3035292381823233 0.09609840476648088 0.05921214839146796
3 0.6605551963999012 0.3020732017464675 0.09415702285200649 0.062124221263179506
1 0.5761050831202665 0.30158785626784895 0.04173971116119879 0.05921214839146796
10 0.5120394799426125 0.30013181983199316 0.03979832924672441 0.05824145743423084
0 0.4421497310215356 0.39137676981228814 0.07474320370726281 0.1533691712434745
7 0.4372962762353496 0.5855149612597241 0.053388002648044955 0.058241457434230745
4 0.43875231267120546 0.6549193647021824 0.0679483670066026 0.061153530305942304
9 0.4008953653389555 0.6126943080623651 0.01941381914474358 0.7144285445265646
9 0.43584023979949377 0.30595596557541627 0.07183113083555134 0.013589673401320534
9 0.46738769590970236 0.2904249102596214 0.014560364358557721 0.04659316594738465
9 0.6814250519805009 0.2656722908500736 0.5804731924278344 0.022325892016455132
9 0.608623230187712 0.45301564559684926 0.01747243723026928 0.049505238819096326
9 0.5096127525495198 0.47097342830573685 0.21161062867770558 0.011648291486846162
9 0.608623230187712 0.30595596557541677 0.01747243723026927 0.07765527657897403
9 0.4586514772945672 0.5127131394669356 0.012618982444083344 0.07959665849344877
9 0.43438420336363814 0.5471726684488556 0.0611535303059424 0.012618982444083455
9 0.448944567722196 0.948068033787812 0.11162946008227555 0.03979832924672448
9 0.7226794176630813 0.9490387247450495 0.1582226260296595 0.039798329246724475
9 0.9296249056003048 0.9490387247450491 0.08250873136516013 0.03979832924672448
9 0.9609840476648083 0.6762745657614008 0.023296582973692324 0.5833852652995458
9 0.9619547386220456 0.2734378185079707 0.021355201059217944 0.03979832924672441
9 0.7241354540989364 0.7034539125640416 0.017472437230269207 0.4630195866021351
9 0.8940063716154429 0.4801949923994902 0.12036567869741056 0.020384510101980766
9 0.7328716727140709 0.4797096469208717 0.03300349254606397 0.01747243723026925
