11 0.5528085001465742 0.6015313620541376 0.07862596753621158 0.03785694733224997
11 0.7663605107387538 0.6054141258830864 0.07862596753621165 0.04173971116119872
11 0.40429278368928545 0.7743143524423559 0.03785694733225005 0.06309491222041666
2 0.7624777469098051 0.9791301444194009 0.07862596753621165 0.026208655845403883
2 0.8401330234887794 0.9014748678404264 0.020384510101980766 0.07280182179278853
5 0.5033032613274779 0.9509801066595226 0.04950523881909613 0.03785694733225012
5 0.944967646870395 0.8956507220970031 0.03785694733224997 0.04950523881909635
4 0.5926068293932986 0.9485533792664296 0.04950523881909621 0.054358693605281984
0 0.902257244751959 0.8243049367400705 0.11939498774017318 0.054358693605281984
1 0.8600321881121417 0.952921488573997 0.03494487446053855 0.04756385690462183
10 0.9051693176236705 0.9524361430953785 0.03009141967435263 0.048534547861859026
7 0.4353548943208753 0.8907972673108173 0.04368109307567309 0.04756385690462183
7 0.9872868605330645 0.8912826127894359 0.025426278933870904 0.04853454786185897
9 0.2635425948898945 0.9796154898980195 0.03397418350330132 0.040769020203961406
9 0.32712285258892976 0.9747620351118337 0.16113469890137197 0.031062110631589833
9 0.4008953653389551 0.8898265763535806 0.029120728717115442 0.17181229943098128
9 0.40138071081757387 0.6689943835821218 0.030091419674352627 0.161134698901372
9 0.4552540589442377 0.602016707532757 0.126189824440833 0.031062110631589833
9 0.439237658149824 0.9354490513437276 0.06697767604936543 0.010677600529609053
9 0.46738769590970236 0.9553482159670899 0.010677600529608972 0.04076902020396153
9 0.5649421371120391 0.9810715263338756 0.3261521616316918 0.018443128187506548
9 0.6595845054426639 0.6029873984899949 0.14851571645728828 0.031062110631589864
9 0.8994393289030992 0.6029873984899955 0.2011213421938017 0.031062110631589854
9 0.9653521569723712 0.7956695535015743 0.018443128187506378 0.36983325470736517
9 0.8978891354443915 0.7946988625443364 0.13007258826978207 0.014560364358557646
9 0.8386769870529236 0.8291583915262567 0.01164829148684609 0.0834794223223972
9 0.8391623325315425 0.9529214885739973 0.0106776005296089 0.049505238819096034
9 0.8984686379458625 0.9825275627697307 0.20306272410827503 0.021355201059218093
9 0.9338047008621675 0.9534068340526154 0.009706909572371716 0.04659316594738465
9 0.9454529923490136 0.9359343968223464 0.036886256375012784 0.007765527657897491
9 0.985830824097209 0.9364197423009649 0.028338351805582643 0.008736218615134675
