9 0.5695309999999946 0.5979828646169256 0.015624999999999865 0.11784944998046099
9 0.48178287921431234 0.5357927429272898 0.19169125842863075 0.018754710373302345
9 0.437961700943027 0.5910131448133477 0.014986701886055422 0.10504450471513715
9 0.5699219999999952 0.4563094250097685 0.016406199999999867 0.15172895375256817
9 0.205897205658165 0.3925779999999988 0.03835741131633117 0.12265599999999972
9 0.20405125707270622 0.6590557009430259 0.03622801414541388 0.04751339811394453
9 0.2060406075442203 0.07421879999999982 0.037080715088441 0.08906249999999978
9 0.3210275070830884 0.9532505090705317 0.03450678583382344 0.09349898185893721
9 0.2171871936938333 0.9453162885236422 0.19294064237884478 0.020635362821266778
9 0.10369269817686569 0.9587292743574664 0.042302493783596934 0.04746133448891341
9 0.33007200803653347 0.653279773481692 0.2191441423580787 0.034108037721101686
9 0.5065811032432379 0.6468845164089914 0.1424010574856044 0.021317523575688887
9 0.48355817778149507 0.3889424811431581 0.1901523102951442 0.01705401886055096
9 0.3961563311211701 0.4631274631865546 0.018759420746606102 0.16371858106128895
9 0.37185435424488583 0.39448503727283724 0.040076944322295006 0.007674308487247938
9 0.23925935760410105 0.3936323363298095 0.04092964526532253 0.007674308487247979
2 0.3057700311602499 0.39491138774434975 0.09720790750514013 0.010232411316330682
2 0.43580692497195206 0.3420439292766425 0.01961212168963372 0.06821607544220407
2 0.21239927789873328 0.508746963638529 0.0315499348920193 0.12705244051110534
9 0.21367832931327435 0.6042494692576151 0.01875942074660614 0.07077417827128635
11 0.20685672176905417 0.2255393994307877 0.040929645265322404 0.2276711517883566
9 0.4349542240289248 0.2438724697058803 0.01961212168963373 0.14154835654257383
9 0.5398364400213139 0.27584875506941353 0.01961212168963373 0.21743874047202613
9 0.38421851791878353 0.0639525707270659 0.3308479658946893 0.018759420746605967
6 0.37697055990305023 0.12236258532445358 0.11340922542266457 0.10488221599238857
6 0.4878216824966332 0.23193465650349446 0.08953359901789312 0.12961054334018812
6 0.2750727972112583 0.19057866076665778 0.09891330939119584 0.041782346208350064
9 0.5738677346575428 0.6663857869760323 0.011937813202385714 0.029844533005963306
