9 0.8635369381089992 0.7241135876218009 0.02917532378200441 0.008022574756400967
4 0.45898399999999995 0.717578 0.0414063 0.0429688
1 0.8333084123782035 0.7493069485384051 0.03746707232040841 0.025177097076807823
4 0.22539100000000004 0.867969 0.0398437 0.0421875
9 0.435547 0.895312 0.0351562 0.0078125
9 0.014453099999999997 0.994922 0.028906299999999992 0.008593750000000002
9 0.41614425022145374 0.916684622453278 0.013023999557091978 0.1619427550934366
9 0.8773440000000001 0.7109379999999998 0.009375 0.10781299999999999
9 0.02459881712461533 0.8679689999999992 0.01017726575076931 0.04843749999999992
9 0.8462148762179974 0.9564301752435999 0.20444424756400736 0.008291748538404295
9 0.7468750000000003 0.6611478247564007 0.07031249999999999 0.008232649512801128
5 0.5613279999999999 0.9914059999999999 0.0320312 0.017187500000000005
2 0.7417970000000002 0.900391 0.0148437 0.05859380000000001
9 0.15742200000000003 0.7058590000000001 0.02734380000000001 0.008593750000000002
9 0.548437 0.878125 0.0125 0.0421875
9 0.725 0.865234 0.0453125 0.0117188
9 0.6132809999999999 0.9085940000000001 0.0421875 0.009375
9 0.19101599999999996 0.7058590000000001 0.025781200000000008 0.008593750000000002
9 0.061718800000000004 0.7324220000000001 0.0125 0.0367187
5 0.15507799999999997 0.6633126486261537 0.02578119999999999 0.039125597252308665
9 0.024609400000000003 0.967188 0.010156199999999999 0.0578125
2 0.805859 0.660547 0.053906300000000004 0.013281300000000001
9 0.853125 0.74375 0.009375 0.0421875
9 0.5937500000000001 0.889844 0.009375 0.04375
9 0.06328130000000001 0.703906 0.0109375 0.025
9 0.8355470000000002 0.767578 0.24140600000000004 0.0148437
11 0.9535160000000001 0.8585347009743981 0.030468799999999983 0.061055598051207124
9 0.6057246830671326 0.5968749999999988 0.013551633865734176 0.32187499999999936
9 0.8519530000000001 0.661719 0.049218799999999986 0.009795149512801516
9 0.09960939999999997 0.864453 0.008593750000000002 0.0382813
7 0.5808589999999999 0.66875 0.0382813 0.0390625
9 0.4359370000000001 0.8628910000000001 0.0421875 0.0164062
9 0.526155536160204 0.9792970000000003 0.21324807232040738 0.007031249999999998
9 0.576563 0.70625 0.05 0.0109375
9 0.4523440000000001 0.8773439999999999 0.0125 0.0375
0 0.7423681752436001 0.7142431752435996 0.04651384951280181 0.09963864951280164
2 0.0636719 0.6695310000000001 0.0148437 0.05625
9 0.7148736495128019 0.7113280000000003 0.009434099025601998 0.10703099999999997
9 0.14531299999999997 0.864453 0.009375 0.0382813
9 0.388281 0.8988280000000001 0.0515625 0.010156199999999999
5 0.7933590000000001 0.7488280000000002 0.0398437 0.025781200000000008
2 0.0238281 0.9144529999999998 0.0148437 0.0648438
9 0.902344 0.7241135876218 0.04999999999999998 0.00730032378200361
9 0.28437499999999993 0.6187500000000001 0.0109375 0.06406249999999998
9 0.06328130000000001 0.6171880000000001 0.0109375 0.059375
5 0.530469 0.7199219999999998 0.0375 0.0335938
5 0.973828 0.7429690000000001 0.0335938 0.0328125
9 0.12265599999999999 0.8800780000000004 0.0515625 0.010156199999999999
9 0.555078 0.721875 0.008593750000000002 0.0390625
9 0.365234 0.874219 0.010156199999999999 0.0578125
9 0.2 0.721875 0.0078125 0.0375
2 0.6683589999999999 0.8625 0.0648438 0.01875
5 0.191406 0.6644530000000001 0.0265625 0.0398437
9 0.9242190000000001 0.7425780000000001 0.009375 0.0445312
9 0.9554690000000001 0.8003910000000001 0.025 0.06015619999999999
9 0.28437499999999993 0.718359 0.0109375 0.047656199999999996
9 0.453516 0.9894529999999999 0.008593750000000002 0.0210938
9 0.17382799999999995 0.5878306102237758 0.014843699999999998 0.3118387795524484
9 0.974219 0.772266 0.0484375 0.025781200000000008
9 0.707812 0.8203119999999999 0.017187500000000005 0.1
9 0.015624999999999983 0.8429264684984611 0.031249999999999965 0.014146563003076595
2 0.283594 0.673047 0.0140625 0.05859380000000001
9 0.4832455315015382 0.744932882875385 0.23350993699692235 0.016427265750769224
9 0.1837500283092227 0.7453130000000008 0.2516653991107524 0.015624999999999922
7 0.391016 0.9410160000000001 0.0367187 0.0398437
9 0.23125000000000004 0.590625 0.10781299999999999 0.009375
9 0.2554043691369239 0.8425681171246121 0.33479898223692056 0.016469297252307526
9 0.11601599999999998 0.5910160000000001 0.11328099999999999 0.008593750000000002
9 0.148438 0.722656 0.0078125 0.0375
9 0.0339844 0.720703 0.0679687 0.0148437
9 0.5003909999999999 0.8921869999999998 0.10703099999999999 0.0140625
5 0.315625 0.866406 0.0375 0.0328125
9 0.5995645610223765 0.42773399999999545 0.11631612204475679 0.02734379999999981
2 0.058984400000000006 0.842188 0.0648438 0.021875
2 0.339063 0.74375 0.065625 0.0203125
11 0.49960899999999997 0.427344 0.0992187 0.03125
9 0.9556491752436003 0.9441407500000003 0.025059099025603562 0.1117184999999996
9 0.592969 0.8621090000000001 0.0984375 0.0164062
11 0.913281 0.427344 0.0984375 0.03125
2 0.645312 0.766797 0.065625 0.0195312
11 0.022656300000000004 0.4292969999999999 0.0453125 0.0351562
5 0.560938 0.964063 0.0375 0.0265625
11 0.322656 0.4292969999999999 0.06406249999999998 0.0335938
11 0.678125 0.4292969999999999 0.0515625 0.0335938
9 0.1679406178936987 0.4277794389776223 0.25306723578739776 0.026051633865734444
9 0.40234399999999954 0.42812499999999987 0.10468699999999988 0.025360511820979568
9 0.977734 0.42773399999999995 0.0429688 0.02734380000000001
9 0.7835940000000001 0.42773399999999995 0.16718700000000003 0.02734380000000001
0 0.2280824684984612 0.6163852342492298 0.09695906300307723 0.04691703150153837
0 0.11992199999999993 0.6167762342492307 0.09765619999999994 0.04457333150153855
1 0.08856729003537374 0.7201182406772278 0.025087730224612307 0.03877194671076454
10 0.1201170113784468 0.7220188263003046 0.02432749597538163 0.038011712461533766
10 0.22692992339535686 0.7204983578018432 0.02356726172615098 0.0364912439630725
1 0.2630410502338139 0.7208784749264585 0.025847964473843008 0.03877194671076445
0 0.4697515092592239 0.9548771557556549 0.09709979141188199 0.04683636997514306
10 0.4391936337266611 0.9137525382165049 0.038268741321153515 0.025131710718369334
1 0.5748477540814961 0.8874784770109376 0.02513171071836942 0.036555215590356134
2 0.6279670517362316 0.9420257127746707 0.013708205846383374 0.056546349116331315
9 0.6282526393580311 0.9728691759290335 0.008567628653989526 0.013137030602784016
9 0.7436300385650911 0.9517356919158594 0.008567628653989533 0.04854989570594175
10 0.856063838612975 0.7087006257643541 0.03541286510315701 0.022847009743972177
4 0.9006155076137212 0.6764292245009933 0.042266968026348745 0.0371263908339549
9 0.69375 0.767578 0.0390625 0.0148437
