9 0.572504080877888 0.5578740657359035 0.1392295643424057 0.030777638865167517
9 0.5180878552971556 0.6266721958322381 0.030397113180943354 0.154464116040018
9 0.5178599893021909 0.848116008164575 0.028268865842706412 0.1823209552470644
9 0.5547569010342516 0.8920812598962401 0.06558615348969654 0.010942061914000007
9 0.5843974570024504 0.9114987080103321 0.010561536229773216 0.05297157622738991
9 0.44250645994832 0.9306882901294632 0.15116279069767413 0.029335236589677915
9 0.3797299047039019 0.959302325581393 0.028193659537003094 0.08139534883720896
9 0.6795865633074911 0.9371106352970229 0.3359173126614971 0.017402010234412842
9 0.9559971451154824 0.9379844961240251 0.0880057097690351 0.019910783256873413
9 0.955844485426222 0.9095607235142079 0.012764989873713474 0.04909560723514187
9 0.9556542225841111 0.7887596899224789 0.013906566926388676 0.08139534883720913
9 0.9741602067183439 0.7506835979848896 0.05167958656330812 0.012234051578082508
9 0.7743575407754527 0.5579116688887542 0.15260519297316416 0.02918032982256489
9 0.954780361757104 0.5577214060466433 0.08785529715762255 0.030321906875239498
9 0.768543587287086 0.9521963824289398 0.009955391628436876 0.041343669250645955
9 0.7861757105943121 0.9683462532299724 0.04521963824289397 0.010866855608294732
9 0.8134977563821628 0.9696382428940544 0.02158329860518047 0.0607235142118863
9 0.6182170542635657 0.9689922480620156 0.011627906976744177 0.06201550387596866
11 0.5213178294573644 0.7306201550387595 0.040051679586563305 0.06330749354005166
11 0.6692506459948321 0.5581395348837208 0.07751937984496124 0.03875968992248062
11 0.8817829457364341 0.560077519379845 0.07881136950904394 0.040051679586563305
2 0.8785529715762276 0.9386304909560724 0.08268733850129202 0.029715762273901807
2 0.9554263565891473 0.8559431524547806 0.027131782945736434 0.07364341085271318
5 0.6208010335917313 0.906330749354005 0.05555555555555555 0.04263565891472867
5 0.7189922480620154 0.95671834625323 0.047803617571059415 0.03488372093023256
7 0.5514893237211943 0.8458727042899338 0.04613110222275205 0.04575057653852726
0 0.6472868217054263 0.9689922480620154 0.05426356589147287 0.05684754521963825
4 0.7086563307493537 0.9031007751937986 0.05297157622739017 0.05167958656330749
1 0.9767441860465115 0.9076227390180879 0.03617571059431524 0.05038759689922481
