8 0.466797 0.378125 0.04921880000000001 0.05
3 0.22851600000000005 0.34570300000000004 0.0398437 0.022656300000000004
0 0.5294346441853787 0.5245590860392259 0.1190366809326136 0.05550147255045949
3 0.39414099999999985 0.36060225767415366 0.07421879999999997 0.11651651534830754
8 0.2550780000000001 0.382812 0.116406 0.0578125
3 0.28124999999999994 0.346094 0.0421875 0.0234375
9 0.9867190000000001 0.792188 0.025 0.084375
9 0.576172 0.6296870000000001 0.0335938 0.009375
3 0.28125 0.42148399999999997 0.040625 0.022656300000000004
9 0.563281 0.649609 0.009375 0.047656199999999996
9 0.27773399999999987 0.6770353865112305 0.1976559999999999 0.014678726977538576
9 0.251172 0.6488280000000001 0.010156199999999999 0.04921880000000001
7 0.21562500000000007 0.511328 0.0453125 0.04921880000000001
9 0.5261719999999996 0.49380525767415356 0.13671899999999995 0.010827484651692414
9 0.46406299999999995 0.6437500000000002 0.0140625 0.059375
2 0.410937 0.6761720000000001 0.084375 0.025781200000000008
9 0.5964840000000001 0.479297 0.0179687 0.411719
9 0.22226600000000002 0.6289059999999999 0.0648438 0.0109375
9 0.5234379999999988 0.6770353865112297 0.15624999999999958 0.013116226977537218
5 0.21640600000000002 0.596094 0.040625 0.05
9 0.46406299999999995 0.519922 0.0140625 0.0648438
2 0.4652339999999999 0.583594 0.0195312 0.078125
5 0.572656 0.589453 0.03593749999999999 0.04921880000000001
11 0.307031 0.27382800000000007 0.08125 0.0382813
11 0.47968799999999995 0.274219 0.0671875 0.0390625
9 0.185937 0.4757809999999999 0.017187500000000005 0.39843799999999996
9 0.226562 0.273047 0.0953125 0.0335938
9 0.5558590000000001 0.27304699999999993 0.0992187 0.0320312
9 0.397656 0.27304699999999993 0.1125 0.0320312
3 0.22856576652831412 0.42315651534830745 0.040625 0.022656300000000004
4 0.2781055711339907 0.6455068571352228 0.050175460449224614 0.05519300649414702
1 0.4854974743241192 0.6484337589947612 0.033450306966149805 0.0493392027750708
10 0.5294010022171908 0.6496881455059916 0.030941533943688582 0.046830429752609586
