11 0.20913977896837424 0.6156946255665527 0.12001270016750593 0.03618029931520388
2 0.0798613923908771 0.8963125568405738 0.0714781523056469 0.01676648017046045
5 0.2845889397354457 0.9876457514533443 0.03794519196472606 0.024708497093311202
10 0.14251508144891326 0.9554364605995659 0.04500476256281471 0.030885621366637625
0 0.01632525700807979 0.9510242289757584 0.03265051401615958 0.09795154204848261
4 0.19413819144743602 0.9148439296605565 0.05118188683614222 0.04500476256281465
7 0.3313585949477828 0.9444058815400524 0.04500476256281472 0.04588720888757591
9 0.13766162666272722 0.8980774494900946 0.06177124273327525 0.009706909572371848
9 0.026032166580451724 0.8980774494900919 0.05206433316090344 0.009706909572371823
9 0.1663411322174617 0.9474944436767143 0.009706909572371773 0.10501111264656399
9 0.19810919990886083 0.9722029407700261 0.05912390375899187 0.011471802221894043
9 0.22325892016455062 0.9841159661542993 0.010589355897132825 0.03176806769139636
9 0.1381028498251076 0.9845571893166803 0.00970690957237179 0.030885621366635915
9 0.1513395446965236 0.9726441639324033 0.03441540666568123 0.01058935589713293
9 0.07765527657897406 0.6161358487289303 0.15531055315794812 0.03353296034092058
9 0.3225341317001711 0.6170182950536893 0.1191302538427448 0.03176806769139861
9 0.3666564479382183 0.8010083537663755 0.032650514016159336 0.39798329246724895
