9 0.7773571902965769 0.8570309999999981 0.011415199011407941 0.03593749999999992
9 0.886176599505703 0.5749999999999984 0.22764680098859433 0.014010738813689463
2 0.9324219999999991 0.8718749999999973 0.06055625723194126 0.01874999999999996
9 0.6789961182097926 0.43595019029657656 0.12638356358041297 0.009852699011407624
5 0.8201867300988583 0.4150955398022813 0.0283768398022814 0.030191079604563197
9 0.3327760960528777 0.5031827645829459 0.034302192105754734 0.1295724708341144
8 0.598436999999998 0.36523399999999995 0.02656249999999996 0.07517419802281525
11 0.7070309999999997 0.21523399999999998 0.07656250000000002 0.0367187
11 0.33200432203965824 0.6019530000000002 0.03744544407931615 0.07421879999999992
9 0.7788938097034209 0.5958028893079844 0.013481278615971131 0.05259553980228123
11 0.436719 0.453125 0.078125 0.0375
2 0.6717487300988583 0.5048663284546374 0.014262478615970216 0.06068855493209057
9 0.6022958718783213 0.267009968912548 0.03377496415208967 0.13120550494296068
9 0.9738411902965752 0.4356722699011399 0.050755319406844 0.011918778615970516
9 0.9789059999999992 0.87239126990114 0.04062499999999994 0.01141519901140769
9 0.8824219999999993 0.7249868097034221 0.2195309999999998 0.023411619406844858
9 0.3609404086622608 0.45426009605287865 0.08743330943027555 0.03350885745671262
9 0.9660158249999995 0.2181460310874516 0.06796834999999973 0.03316786217490307
9 0.8402086194068427 0.8723912699011391 0.1320827611863101 0.011918778615971008
9 0.843598349505699 0.3326507922737602 0.020164282570339136 0.20502394771101964
9 0.6015052354170556 0.43434020734795104 0.034259670834111605 0.07482689232328053
9 0.8042969999999972 0.21804614177946585 0.12734399999999974 0.03352312434980652
2 0.7761719999999986 0.8148439999999991 0.014843699999999968 0.061389318418251744
9 0.5439223589359795 0.4542600960528776 0.147826319849142 0.03350885745671372
9 0.6293968893079839 0.2176815223726209 0.08651872138402872 0.03536334474524317
2 0.7789059999999979 0.6488411902965773 0.018749999999999968 0.0610857174296599
11 0.34078363728284794 0.8958852148563355 0.022511304895927422 0.20822957028732855
6 0.39448829304007427 0.8961255214857345 0.0999985651368676 0.10387447851426573
6 0.490610944799544 0.8007780524017446 0.10309929583878595 0.09612265175946966
6 0.5906095099364115 0.8969007041612141 0.10930075724262268 0.1023241131633065
6 0.48906057944858516 0.9717058323449951 0.10309929583878491 0.056588335310009515
9 0.6468102539086822 0.9158926797104641 0.007751826754795952 0.16821464057907154
9 0.6475854365841617 0.7573678225748871 0.007751826754795953 0.015503653509591906
2 0.646422662570942 0.7984525043753057 0.01007737478123482 0.07441753684604148
9 0.4282087394234378 0.746127673780433 0.16433872720167453 0.01782920153603065
9 0.3333618262239809 0.7151703591699075 0.03392398709700456 0.16156644904172823
9 0.5793693611419588 0.7469028564559124 0.14263361228824525 0.01472847083411244
9 0.5088277376733145 0.7023298526158359 0.017054018860551082 0.0806189982498779
9 0.5700671690362026 0.6686094062324738 0.1364321508844086 0.013178105483153098
9 0.6347949224387487 0.6124086622602031 0.008527009430275507 0.10852557456714336
9 0.6518489412992996 0.5616341970162898 0.039534316449459185 0.00852700943027554
9 0.6475854365841625 0.7081437226819333 0.006201461403836711 0.07209198881960346
9 0.662313907418275 0.6732605022853516 0.03100730701918514 0.008527009430275385
9 0.674329238888208 0.5980677827638305 0.01007737478123482 0.058138700660969586
9 0.672778873537249 0.5527195962482747 0.011627740132193937 0.038759133773980145
9 0.779072937488315 0.6962322448297809 0.013385812718718176 0.04475288794225147
3 0.4337731331236166 0.6786319554102346 0.0301792312699521 0.030708691467670537
3 0.4530984303403401 0.5732693760642613 0.03388545265398128 0.03918005463116587
3 0.5375473318764341 0.5798876285357422 0.035473833247136696 0.032297072060825875
3 0.537547331876434 0.5354129719273917 0.035473833247136696 0.032297072060825875
3 0.45362789053805846 0.5081457717448911 0.03388545265398128 0.03918005463116587
8 0.49889673744298596 0.5041748202620027 0.04076843522432116 0.06935928590111809
8 0.49889673744298585 0.5703573449768098 0.04076843522432116 0.06935928590111809
5 0.619348932423936 0.5915357528855482 0.02329624869961218 0.0301792312699521
3 0.5224577162414576 0.6521589455243106 0.0465924973992241 0.023296248699612186
3 0.5664029126520895 0.6521589455243106 0.0465924973992241 0.023296248699612186
3 0.6092891886672844 0.6521589455243106 0.0465924973992241 0.023296248699612186
3 0.6394684199372366 0.45255245098445235 0.0465924973992241 0.023296248699612186
9 0.6725596822946384 0.45731759276391876 0.01217758454752457 0.039180054631165265
2 0.7660094071919468 0.4350802644597422 0.05824062174903347 0.01270704474524291
5 0.817631776469498 0.31674591026966864 0.030179231269952242 0.0301792312699521
3 0.6471455928041548 0.39113506804911197 0.033355992456262785 0.03918005463116587
3 0.7231231311767536 0.37763383300729125 0.0349443730494182 0.031238151665389027
3 0.723652591374472 0.41098982546355406 0.0349443730494182 0.031238151665389027
8 0.685531457138743 0.38742884666508276 0.040238975026602716 0.08894931321670084
3 0.8231911085455408 0.2561227176309051 0.02541408949048588 0.04765141779466095
9 0.84505954435686 0.43573487648283515 0.10755595894954623 0.009224406243448356
5 0.8658126544618778 0.3985475108171704 0.023825708897330603 0.030708691467670537
3 0.8986391867204223 0.35010190272593156 0.033355992456262785 0.035473833247136696
3 0.8991686469181406 0.27438909445219206 0.0397095148288843 0.03441491285169978
8 0.8975802663249857 0.3130396888856395 0.0894787734144193 0.040768435224321206
2 0.9240532762109077 0.4358744547563208 0.05453440036500167 0.013236504942961405
11 0.9018723527603913 0.21735184079087325 0.07126789802281686 0.03671869999999997
2 0.725474887482979 0.5737988362619785 0.09053769380985738 0.012707044745242917
9 0.9928522873307917 0.6518942154254483 0.014295425338402836 0.16572104188587683
9 0.7773619868593871 0.7585804452657204 0.011118664152087449 0.05929954214446668
3 0.803570266646452 0.7588451753645807 0.032826532258544365 0.03547383324713663
3 0.884577676897376 0.7561978743759886 0.032826532258544365 0.03547383324713663
8 0.845132892167351 0.7575215248702847 0.0460630372015058 0.04659249739922422
5 0.9867634950570365 0.7511680024976615 0.026473009885922848 0.03494437304941791
3 0.8811361856122062 0.9179336693536387 0.03865059443344745 0.03388545265398122
3 0.7168908168505475 0.3003118835539621 0.031169604218457776 0.03345030696614972
