5 0.123828 0.883984 0.04453119999999999 0.0585938
9 0.11289099999999998 0.973437 0.011718799999999998 0.053125
9 0.130078 0.9539059999999999 0.04140630000000001 0.012500000000000002
0 0.07265629999999998 0.8089839999999999 0.14531299999999997 0.0757812
9 0.07617189999999999 0.7701769948320408 0.15078099999999997 0.011749031007751796
9 0.15390599999999982 0.7582940930232557 0.020312499999999973 0.48341181395348864
9 0.08203119999999998 0.508594 0.16093799999999997 0.040625
1 0.018733850129198978 0.9722222222222221 0.037467700258397955 0.05555555555555573
10 0.06782945736434112 0.9735142118863047 0.03746770025839795 0.052971576227389745
3 0.07170542635658916 0.6421188630490956 0.14341085271317833 0.14987080103359166
8 0.12467700258397935 0.7357881136950898 0.0400516795865633 0.040051679586563
8 0.12596899224806202 0.5471576227390175 0.0400516795865633 0.040051679586563
