3 0.489844 0.537109 0.059375 0.12265600000000002
3 0.446875 0.524219 0.025 0.0484375
3 0.447656 0.568359 0.0234375 0.047656199999999996
8 0.4859379999999999 0.540625 0.059375 0.12812499999999996
3 0.3094457435714519 0.2635826153571774 0.08267131285709554 0.052165030714356506
3 0.4281249999999995 0.27596767946431483 0.15312499999999984 0.07462814107136952
9 0.735156 0.478906 0.0234375 0.0125
8 0.333203 0.44375 0.102344 0.04375
3 0.34375 0.41289100000000006 0.0453125 0.02734380000000001
3 0.7883969358928621 0.4980018076785878 0.08322194107136903 0.049308084642821486
3 0.527344 0.5261720000000001 0.0234375 0.053906300000000004
3 0.7862838076785887 0.5554689999999993 0.0821205846428212 0.04999999999999994
9 0.8617189999999999 0.582031 0.01875 0.4515620000000001
2 0.5121090000000001 0.42226600000000003 0.0179687 0.07734369999999999
9 0.6824220000000001 0.25234399999999996 0.010156199999999999 0.03437500000000001
9 0.485156 0.23164100000000004 0.501562 0.0179687
9 0.692969 0.369141 0.06875000000000002 0.013281300000000001
9 0.7410159999999999 0.367188 0.030468800000000004 0.017187500000000005
3 0.526563 0.5660160000000001 0.0234375 0.0445312
9 0.6467148717857246 0.6451449616070529 0.011257556428547779 0.331584076785887
7 0.617188 0.740625 0.05 0.0546875
9 0.6195309999999999 0.542969 0.053125 0.0109375
9 0.7425779999999998 0.502344 0.0117188 0.05625
9 0.624219 0.47851600000000005 0.06406249999999998 0.0117188
9 0.798047 0.5253910000000002 0.116406 0.0117188
9 0.5972659999999999 0.5105469999999999 0.0117188 0.0757812
9 0.734375 0.296875 0.01875 0.13750000000000004
9 0.703906 0.266406 0.0515625 0.0109375
5 0.626286935892863 0.25335587178572583 0.05055062821427393 0.03391375642854779
9 0.5496089999999999 0.369531 0.0804688 0.0140625
9 0.38710900000000004 0.47148399999999996 0.253906 0.013281300000000001
2 0.7949220000000001 0.367578 0.0914062 0.025781200000000008
2 0.623047 0.369531 0.07734369999999999 0.0203125
11 0.7625 0.811719 0.0859375 0.0453125
11 0.24218800000000001 0.6 0.04375 0.13750000000000004
2 0.6906250000000002 0.4792969999999999 0.07968749999999998 0.0210938
9 0.8515619999999999 0.367578 0.0375 0.0179687
11 0.24375 0.37929700000000005 0.0421875 0.0867188
9 0.241016 0.743359 0.0335938 0.167969
11 0.5492190000000001 0.811719 0.07187499999999998 0.0421875
5 0.615234 0.641797 0.0445312 0.04921880000000001
9 0.240625 0.285156 0.03593749999999999 0.121875
9 0.241016 0.47890600000000005 0.0335938 0.126563
9 0.3746541923214106 0.8157399358928623 0.28506661535717776 0.03368308464282163
9 0.6527339999999993 0.8158558717857249 0.14765599999999973 0.03235125642854637
9 0.833594 0.8152339999999999 0.07187499999999998 0.0335938
3 0.36171997966137714 0.7672341749576909 0.15481638321608263 0.06779540964364396
8 0.3986532998403773 0.6994387653140468 0.05464107642920567 0.055652948214931594
0 0.5463865805563767 0.30227908941657966 0.06273605071501379 0.1295195885729313
9 0.5129948116274184 0.3108799995952501 0.008094974285808219 0.15684012678753245
10 0.7032267073439118 0.3027850253094426 0.04856984571485043 0.03339176892895895
1 0.7006970278795973 0.34680144798852536 0.053629204643479575 0.03845112785758913
3 0.7735517964518712 0.6827428808495675 0.1588638703589866 0.13154333214438396
8 0.8383115907383373 0.6033109456700739 0.03339176892895887 0.037439256071863075
8 0.8393234625240631 0.7626807519219234 0.03136802535750634 0.03642738428613711
