9 0.5131528333079831 0.8146515937824916 0.3651599451947828 0.016803887565019097
2 0.4396454062174898 0.9179689999999994 0.07034075026007773 0.02343749999999991
2 0.785937 0.9179689999999999 0.0734375 0.021875000000000006
2 0.2982527813475288 0.8135793906737644 0.06994306269505826 0.02090908134752919
2 0.2652340000000001 0.6839840000000003 0.0648438 0.0164062
9 0.6148440000000001 0.9183590000000001 0.065625 0.0179687
2 0.7246161875650188 0.8144601875650185 0.06954537513003889 0.019545375130038782
9 0.584766 0.791797 0.008593750000000002 0.0414063
9 0.5574220000000001 0.942187 0.008593750000000002 0.040625
9 0.9785160000000002 0.7726559999999999 0.0398437 0.010937500000000003
2 0.403125 0.6847660000000001 0.0625 0.0179687
9 0.5855470000000002 0.958203 0.0148437 0.08359369999999998
9 0.439844 0.676562 0.010937500000000003 0.0578125
5 0.5765630000000002 0.72812159133774 0.028125 0.0406311173245206
2 0.00976562 0.8957030000000001 0.0179687 0.0648438
9 0.9433589999999971 0.9479893284988614 0.021093799999999944 0.05691715699772297
9 0.674510203108745 0.6812499999999999 0.01191759378250969 0.06874999999999998
9 0.5249999999999995 0.9183589999999998 0.11718799999999988 0.017201575130038952
9 0.746094 0.9363280000000002 0.015625 0.053906300000000004
5 0.537109 0.7285091826754797 0.030468800000000004 0.04298083464904082
9 0.9715694217612159 0.9218749999999994 0.05373565647756716 0.02343749999999996
9 0.5394530000000001 0.7730469999999999 0.028906299999999992 0.008593750000000002
9 0.4386719999999999 0.7816409999999999 0.011718800000000003 0.06015619999999999
9 0.6749002031087451 0.7875000000000003 0.0111363937825097 0.04999999999999998
9 0.529297 0.790234 0.008593750000000002 0.0414063
9 0.010156200000000002 0.84375 0.0140625 0.059375
9 0.6421808124349806 0.9371089999999994 0.014076575130038647 0.05546869999999993
9 0.8812499999999985 0.9176777968912547 0.13124999999999984 0.016235656477567462
9 0.2455315350545643 0.9441210695807114 0.015186429890865464 0.11175786083856858
9 0.6144529999999999 0.960156 0.05078119999999999 0.009375
2 0.6742189999999999 0.738672 0.017187500000000005 0.0648438
9 0.9628910000000002 0.790234 0.010156200000000002 0.0414063
9 0.20819718267547954 0.5656099566886994 0.010156199999999966 0.15923520153603093
0 0.4999999999999997 0.6790912186524706 0.10781299999999984 0.049630562695057716
11 0.045809609456274235 0.4777339999999996 0.09161921891254847 0.03515619999999997
9 0.920313 0.959375 0.0265625 0.009375
2 0.24561039067376433 0.85762059378251 0.019346581347529174 0.07305398756501941
9 0.573828 0.7734380000000001 0.0320312 0.009375
2 0.4386719999999999 0.729688 0.0164062 0.065625
9 0.911328 0.9425780000000001 0.008593750000000002 0.0414063
9 0.010156199999999997 0.936719 0.012499999999999995 0.0375
9 0.361328 0.5855470000000002 0.010156200000000002 0.20078100000000002
9 0.33007799999999954 0.9176777968912547 0.15703099999999975 0.017400468912548577
11 0.4027483751300387 0.4781249999999991 0.06643455026007797 0.03281249999999994
9 0.274219 0.9589840000000001 0.0546875 0.010156200000000002
11 0.9043896093262349 0.47792640621748944 0.1021875316076062 0.033210187565019145
9 0.617969 0.651563 0.121875 0.010937500000000003
9 0.47676159378250965 0.9519530000000002 0.011335187565019582 0.06484379999999995
9 0.298438 0.9425780000000001 0.009375 0.0429688
9 0.6944322031087452 0.9566409999999997 0.11423284352243196 0.016406199999999954
11 0.27226600000000006 0.4792969999999999 0.05859380000000001 0.0351562
9 0.49609399999999987 0.6512717968912548 0.12499999999999996 0.010355093782509697
0 0.6136719999999994 0.6794812186524706 0.10390599999999982 0.04884926269505785
9 0.13415997724196804 0.8140619999999995 0.2683199544839361 0.017187499999999897
9 0.55683240621749 0.6482527813475287 0.014460187565019246 0.3268759367847863
9 0.332422 0.6843749999999998 0.0929687 0.010937500000000003
9 0.974609 0.478125 0.05078119999999999 0.02499999999999999
9 0.8786858435224306 0.8146444062174898 0.242627312955134 0.017982875130038357
9 0.9707030000000002 0.9769530000000001 0.05859380000000001 0.0195312
9 0.8302694062174892 0.9519673751300385 0.01133518756501938 0.0586220502600776
11 0.7146515937825096 0.4792969999999993 0.06836638756501953 0.0382812999999999
9 0.8007809999999985 0.4781249999999996 0.1140629999999998 0.027357875130039035
9 0.32855812539011614 0.4777339999999989 0.06649105078023303 0.025781199999999952
9 0.5687499999999999 0.960156 0.0265625 0.009375
9 0.2160160000000001 0.6652408173245205 0.02734380000000001 0.047692603947122686
9 0.16856080850279184 0.47841279444648516 0.1636836170055833 0.02601048040511149
5 0.02364307160212762 0.7879875382563312 0.041084681800418486 0.033332855045622674
4 0.0996109737991279 0.786049581567632 0.04263504715137766 0.046510960528775715
9 0.3658321233094949 0.4777339999999973 0.015239303641087776 0.02578119999999986
5 0.2705276880242459 0.9854398445627426 0.03319715439694724 0.029120310874514926
4 0.38584411908732585 0.9461274248821465 0.039021216571850294 0.044845278746753196
1 0.49504528486675725 0.944671409338421 0.027955498439534595 0.040768435224320804
1 0.45573286518616235 0.7885865430510199 0.028537904657024864 0.04076843522432128
10 0.4982485190629544 0.7897513554860006 0.026208279787063655 0.03843881035435999
10 0.5611483905519075 0.9796157823878393 0.03902121657185032 0.02562587356957324
10 0.6129825439085441 0.7897513554860006 0.026208279787063655 0.03843881035435999
1 0.6520037604803948 0.78916894926851 0.028537904657024864 0.04076843522432128
9 0.5606677089869951 0.4780252031087396 0.25178964524122255 0.026761393782509413
4 0.8610961171285626 0.7853833088548232 0.04368046631177283 0.044845278746753314
5 0.9371001285110471 0.7877129337247846 0.039603622789340494 0.034361966831927805
7 0.9860222507802321 0.732384343063204 0.027955498439536024 0.04018602900683084
9 0.9404469689125406 0.9878487955908671 0.01643455026007828 0.024302408818265633
10 0.9152598953551603 0.9816542041490551 0.0390212165718509 0.02620827978706368
1 0.84799197723503 0.9449626124471666 0.02795549843953461 0.04135084144181136
