4 0.6104651162790699 0.43863049095607237 0.06589147286821706 0.06589147286821706
8 0.48514211886304914 0.7299741602067183 0.14599483204134367 0.07493540051679587
3 0.6640826873385012 0.748062015503876 0.0878552971576227 0.1472868217054264
3 0.5174418604651163 0.6828165374677003 0.05297157622739018 0.029715762273901807
3 0.4638242894056848 0.6795865633074933 0.05167958656330749 0.025839793281653745
3 0.4638242894056848 0.7764857881136948 0.05167958656330749 0.025839793281653745
3 0.5180878552971576 0.7764857881136948 0.05167958656330749 0.025839793281653745
8 0.7416020671834626 0.7448320413436693 0.062015503875969 0.06330749354005166
7 0.43863049095607237 0.6098191214470284 0.05555555555555555 0.062015503875969
5 0.4405684754521964 0.5 0.05167958656330749 0.059431524547803614
5 0.9050387596899224 0.49547803617571057 0.04263565891472867 0.060723514211886306
10 0.8966408268733851 0.43410852713178294 0.062015503875969 0.04134366925064601
1 0.7990956072351423 0.37855297157622736 0.04263565891472867 0.062015503875969
0 0.8514211886304908 0.5658914728682171 0.14987080103359174 0.07493540051679587
11 0.5549095607235143 0.8643410852713178 0.0994832041343669 0.04392764857881135
11 0.7900516795865633 0.8617571059431522 0.08397932816537468 0.046511627906976744
2 0.7034883720930233 0.3378552971576228 0.1046511627906977 0.029715762273901807
9 0.44573643410852704 0.33914728682170564 0.10335917312661476 0.027131782945736423
9 0.401808785529716 0.6052971576227394 0.02067183462532304 0.5568475452196391
9 0.44702842377260976 0.4005167958656326 0.08268733850129202 0.012919896640826873
9 0.4864341085271313 0.36692506459948304 0.021963824289405652 0.07751937984496114
9 0.5671834625322998 0.3966408268733845 0.17571059431524566 0.023255813953488365
9 0.6434108527131783 0.36498708010335923 0.023255813953488365 0.07881136950904385
9 0.8417312661498708 0.33785529715762275 0.18217054263565846 0.027131782945736423
9 0.7719638242894062 0.39082687338501293 0.019379844961240317 0.08914728682170542
9 0.8927648578811365 0.37596899224806196 0.015503875968992243 0.06201550387596892
9 0.9095607235142117 0.40116279069767413 0.038759689922480633 0.01421188630490956
2 0.7726098191214469 0.47093023255813954 0.023255813953488372 0.09431524547803617
9 0.7706718346253233 0.5620155038759691 0.019379844961240317 0.09819121447028423
9 0.8468992248062017 0.60594315245478 0.16408268733850165 0.01291989664082686
9 0.4521963824289408 0.8656330749354015 0.12144702842377252 0.04134366925064608
9 0.6750645994832041 0.8656330749354013 0.16149870801033614 0.0413436692506461
9 0.878552971576227 0.8643410852713189 0.1111111111111114 0.041343669250646135
