6 0.563281 0.8726560000000001 0.0953125 0.121875
9 0.2984379999999999 0.566406 0.0265625 0.30156199999999994
9 0.607813 0.9894529999999999 0.0140625 0.0210938
9 0.601562 0.4292969999999999 0.0328125 0.013281300000000001
9 0.708984 0.430469 0.0320312 0.0140625
9 0.5906249999999998 0.4449219999999999 0.0140625 0.02734380000000001
2 0.676562 0.9863279999999999 0.0671875 0.022656300000000004
9 0.2984379999999999 0.857813 0.0265625 0.284375
9 0.629297 0.9864881282142737 0.04140629999999998 0.015163756428548853
9 0.719141 0.310156 0.0164062 0.24375
9 0.7734379999999998 0.182422 0.453125 0.0335938
9 0.6804690000000001 0.5621090000000001 0.07968749999999998 0.0148437
9 0.507031 0.8617190000000001 0.0203125 0.27656300000000006
9 0.717188 0.859375 0.021875 0.28125
2 0.5914059999999999 0.494531 0.021875 0.084375
2 0.655078 0.4292969999999999 0.0867188 0.0210938
9 0.717188 0.6355469999999999 0.01875 0.155469
9 0.572266 0.296484 0.025781200000000008 0.253906
9 0.614453 0.714844 0.20859399999999997 0.025
9 0.407031 0.7152340000000001 0.209375 0.024218699999999992
9 0.616406 0.5527339999999998 0.0625 0.0351562
9 0.4339839999999999 0.423828 0.291406 0.028906299999999992
6 0.6665882466032729 0.8497370398196844 0.0920803325010687 0.07386664035800028
