9 0.6113163653509591 0.6070436346490415 0.033617969298081724 0.03439926929808091
2 0.455469 0.7128910000000002 0.06875000000000002 0.0179687
9 0.455859 0.469531 0.008593750000000002 0.0234375
11 0.6136685913377401 0.2390629999999998 0.07426122127164281 0.035937499999999976
9 0.35117200000000004 0.6570344086622605 0.0648438 0.0109557519735613
9 0.43288239923198474 0.4582064086622603 0.012639598463968648 0.011724817324520407
11 0.4828188173245205 0.2394530000000001 0.07191140394712256 0.0382813
9 0.2968367441987659 0.45780618267547957 0.1561818958139801 0.009387134649040894
2 0.32198429367847853 0.6261719999999982 0.01384361264304269 0.051187144250650164
2 0.40234399999999987 0.45742200000000005 0.060937499999999985 0.01486796929808154
9 0.016406199999999996 0.894531 0.0328125 0.012499999999999995
9 0.6691409999999999 0.427344 0.011718800000000003 0.0546875
9 0.624609 0.4523440000000001 0.0867188 0.0203125
9 0.011328125000000007 0.24095823541705635 0.022656250000000013 0.03347847083411192
9 0.18593699999999994 0.3703003653509594 0.148438 0.017163230701918008
2 0.45625 0.5257810000000002 0.01875 0.104687
9 0.4828120000000001 0.4574220000000001 0.09218749999999995 0.010168434649040815
9 0.7972659999999989 0.2397920527415769 0.07109379999999996 0.034259670834111654
2 0.3217346468392388 0.9351870594822798 0.014906118964563892 0.06212474425065026
9 0.811743269298082 0.6164152259867816 0.37651346140383607 0.04998174802643868
2 0.41725767658037854 0.9358673234196186 0.01576555316076068 0.06120279108988869
11 0.185156 0.23945299999999997 0.078125 0.0398437
9 0.5550469405177173 0.7126799702588572 0.14303111896456314 0.01214055948228125
9 0.6699220000000001 0.302734 0.010156200000000002 0.100781
11 0.7339757740132196 0.2398439999999998 0.07114835592068372 0.040624999999999974
11 0.31407463464904073 0.23867199999999994 0.07658676929808159 0.0382813
9 0.9167970000000001 0.35585900000000004 0.010156200000000002 0.19765600000000003
11 0.8652189566886993 0.23945299999999997 0.07581158662260208 0.0398437
9 0.6738279999999994 0.2401762354170563 0.05703129999999995 0.03502883618507119
9 0.12070299999999999 0.24018546140383695 0.06796869999999994 0.033496722807673296
9 0.24921899999999986 0.23978864407931652 0.07031249999999996 0.03426578815863254
9 0.4386719999999999 0.3515712259867807 0.010156200000000002 0.19841954802643894
2 0.107422 0.29451013936417864 0.017968700000000018 0.060979921271642964
5 0.6925779999999999 0.884624646839239 0.025781199999999994 0.03387490632152133
9 0.548047 0.24056382675479596 0.07109379999999996 0.03425365350959179
9 0.41787912204475497 0.7368393661342654 0.011117755910489585 0.049759567731469015
2 0.670703 0.377344 0.0164062 0.065625
9 0.36981270632152075 0.8469456765803786 0.09899941264304267 0.01917185948228197
9 0.39999999999999986 0.2401830527415769 0.10781299999999999 0.03347847083411203
9 0.947656 0.24061577401321935 0.0984375 0.03589507872835726
2 0.41757799999999995 0.7835940000000001 0.0164062 0.0671875
11 0.05531290185716799 0.24100336535095923 0.07114835592068364 0.0398437
9 0.10775039189166359 0.26084897029888354 0.010852557456714323 0.014728470834112287
9 0.2604613789611437 0.3108482528673174 0.02635621096630617 0.11627740132193948
9 0.26743433038375863 0.41239718335514425 0.010845172143311708 0.08992119035563302
9 0.11201389660680128 0.4143351400438432 0.01937956688698985 0.08604527697823522
9 0.10813798322940325 0.3453438819261593 0.013178105483153091 0.0519372392571328
9 0.08189993727753807 0.4578733360977131 0.16224950920411693 0.011883672586219632
9 0.7197714628141269 0.45852055254618007 0.10620002654070435 0.008527009430275727
9 0.912404357670805 0.45774536987069886 0.17519128465839018 0.011627740132193911
2 0.5523418477053016 0.45742200000000005 0.05706158662260272 0.01331760394712244
2 0.7996251211832921 0.4566468173245205 0.05706158662260272 0.01331760394712244
5 0.15503653509591883 0.349607386641297 0.04961169123069403 0.03100730701918374
5 0.6011541648344252 0.42596288017603695 0.03333285504562254 0.03023212434370419
10 0.23061684595517928 0.2825540852123123 0.03798395109850012 0.02248029758890824
3 0.04379782116459708 0.39146725111719505 0.03023212434370418 0.031007307019183784
3 0.2910810946425875 0.32867745440334806 0.03333285504562256 0.03255767237014294
3 0.2918562773180672 0.3961183471700727 0.03333285504562256 0.03255767237014294
8 0.29069350330484783 0.36162271811123065 0.03565840307206134 0.03488322039658172
3 0.375963597607603 0.28875554661614905 0.03565840307206118 0.03798395109849991
3 0.3767387802830826 0.35464607403191456 0.03565840307206118 0.03798395109849991
8 0.41394754870610334 0.32208840166177133 0.0418598644758981 0.13565696820892906
3 0.4786753021086496 0.30929788751635845 0.03953431644945883 0.03410803772110177
3 0.4844891721747468 0.3868161550643176 0.031007307019183618 0.0356584030720612
3 0.5170468445448898 0.3868161550643176 0.031007307019183618 0.0356584030720612
3 0.6476651253632008 0.3341037331317051 0.03333285504562256 0.03255767237014294
3 0.699214773282594 0.30580956547669985 0.05426278728357152 0.086045276978235
8 0.7503768298642473 0.30503438280122025 0.03720876842302052 0.036433585747540895
3 0.7418641690652952 0.4410789423478891 0.04651096052877556 0.026356210966306214
3 0.6984539392384381 0.44107894234788914 0.04651096052877556 0.026356210966306214
3 0.8538780656720966 0.4038701739248686 0.03488322039658179 0.0341080377211021
3 0.8864357380422393 0.4038701739248687 0.03488322039658179 0.0341080377211021
3 0.8751955892477854 0.32402635835047044 0.038759133773979604 0.03410803772110209
3 0.9414737080012905 0.3116234355427969 0.03488322039658179 0.0341080377211021
3 0.9763569283978722 0.3116234355427969 0.03488322039658179 0.0341080377211021
3 0.9414737080012905 0.39379279914363396 0.03488322039658179 0.0341080377211021
3 0.9763569283978722 0.39379279914363396 0.03488322039658179 0.0341080377211021
8 0.9593029095373214 0.35232052600547553 0.07984381557439826 0.0472861432042552
9 0.8980634781744334 0.6623935961973134 0.2038730436511331 0.04418541250233772
9 0.6449663346303466 0.7674308487248029 0.0496116912306943 0.3488322039658165
9 0.49225534756086603 0.5961298260751317 0.21395041843236753 0.010852557456713995
9 0.4565969444888043 0.5852772686184173 0.012402922807673552 0.02015474956246965
9 0.3728628669056848 0.606594792194106 0.03255767237014292 0.03178248969466337
9 0.38337919880693155 0.6647828163425874 0.010890996267068586 0.09335971666369608
9 0.3720561673942329 0.7130642917725329 0.10996783289713667 0.010890996267068551
9 0.3225177490791954 0.8074626328574184 0.010890996267068527 0.1984063847583696
9 0.41733348128661574 0.8608789897715715 0.010890996267068504 0.09452452909867437
9 0.3328282804828352 0.5961714812141108 0.05305332370524954 0.010098923811281753
9 0.20143549646296474 0.5958259201917315 0.030110401444248674 0.012172289945547223
2 0.2622969461907018 0.5951852733524984 0.09417508536818199 0.01473487730250465
9 0.3228860069766241 0.9788586543051017 0.011531643106307993 0.010250349427829115
9 0.3222453601373848 0.9686083048772725 0.011531643106307993 0.010250349427829259
9 0.3699735496607141 0.973733479591183 0.08904991065426611 0.01153164310630787
9 0.4170610923448062 0.967967658038033 0.011531643106307993 0.010250349427829257
9 0.41706109234480593 0.9785383308854816 0.011531643106307988 0.013453583624025624
3 0.3962400700695279 0.876034836607189 0.03139169512272733 0.033954282479684725
3 0.07495568019100196 0.9400995205311221 0.041001397711317285 0.03523557615816321
9 0.11115222660802403 0.893972948105885 0.15695847561363602 0.013453583624026004
9 0.03363395906006503 0.8244627660484225 0.012172289945547341 0.14350489198961092
9 0.1832249960224493 0.7062634242087651 0.012812936784786691 0.23255480264387768
9 0.18354531944206914 0.8846835689369198 0.013453583624026034 0.01793811149870133
2 0.1829046726028298 0.848807345939517 0.016016170980983367 0.06022080288849747
2 0.19048990964680282 0.45846050044290787 0.060937499999999985 0.01486796929808154
