10 0.9493472502214534 0.6856804995570921 0.026819700442907945 0.03801450088581586
10 0.491406 0.6851559999999999 0.025 0.037500000000000006
4 0.23085900000000006 0.682813 0.0414063 0.0421875
0 0.18059725022145381 0.7600298744463665 0.04349269955709215 0.09455524667819024
4 0.8207029999999998 0.8613279999999999 0.0382813 0.0414063
4 0.687109 0.683594 0.0398437 0.04375
9 0.8140619999999998 0.8032532502214539 0.03125 0.009117699557092173
2 0.775391 0.803125 0.053906300000000004 0.0109375
9 0.43021149955709215 0.8040352502214531 0.03386049911418431 0.009117699557091578
9 0.73085687533218 0.9035154999999994 0.012771448449822595 0.19296900000000136
9 0.3636720000000001 0.9246089999999999 0.08828130000000002 0.00807919911418399
9 0.9877573754429073 0.671224374889274 0.024485249114183552 0.00807449977854609
9 0.713672 0.8460940000000001 0.02734380000000001 0.0078125
9 0.322656 0.8085918753321812 0.021874999999999988 0.01302874889273103
9 0.07995187444636519 0.8839840000000001 0.1583417488927304 0.00859375
9 0.403125 0.8066410000000002 0.0265625 0.0148437
9 0.8933590000000001 0.682813 0.010156199999999999 0.0484375
9 0.2529967497785462 0.9468749999999997 0.007040698671276459 0.10624999999999994
9 0.513412374889273 0.8222660000000002 0.012762049778546088 0.03984370000000002
9 0.2874999999999999 0.810285250221454 0.05468749999999997 0.009641799114184814
9 0.4106752502214539 0.9054689999999997 0.013023999557092056 0.18437500000000007
9 0.758984 0.8742190000000001 0.05078119999999999 0.009375000000000001
9 0.23397975066436172 0.9368472502214522 0.036728198671276524 0.007555249557092169
5 0.7121090000000002 0.8875 0.025781200000000008 0.03593749999999999
9 0.29648399999999997 0.7345063748892733 0.03984370000000002 0.008074499778546088
2 0.155469 0.8507809999999999 0.0140625 0.0578125
9 0.948047 0.839453 0.0117188 0.05859380000000001
9 0.4390629999999999 0.8747382502214538 0.05156249999999998 0.008336499557092054
9 0.9790352502214535 0.6871090000000002 0.007555249557092056 0.03828130000000001
9 0.5243524995570922 0.6710939999999994 0.026295700885815537 0.0078125
9 0.15572862511072696 0.7696507515501777 0.007302748449822594 0.11430050310035474
9 0.5902340000000001 0.687109 0.008593750000000002 0.0382813
9 0.4359370000000001 0.6847659999999999 0.0109375 0.0429688
9 0.6769530000000016 0.9671879999999997 0.10234399999999995 0.00782199867127639
9 0.9726560000000002 0.966928374889272 0.05468749999999998 0.0073027484498233005
9 0.5414059999999997 0.5563856242249107 0.012509498671276629 0.3049592484498222
9 0.628516000000001 0.9397178744463645 0.00964179911418387 0.06068504889273066
9 0.8941378753321808 0.582422 0.010161049335638137 0.06484379999999998
9 0.8324220000000001 0.8225298744463649 0.013281299999999996 0.04037254889273126
9 0.2792970000000001 0.725391 0.008593750000000002 0.02734380000000001
9 0.9098984995570925 0.710025625110727 0.18020200088581578 0.015886949778545975
9 0.23840712555363472 0.8898439999999996 0.04869005110726959 0.007297999114183869
9 0.12721262511072695 0.6875000000000003 0.008074499778546058 0.0390625
0 0.9760385004429081 0.9421869999999996 0.04792299911418427 0.04374999999999998
2 0.287109 0.889844 0.05859380000000001 0.0140625
9 0.515234 0.6875 0.008593750000000002 0.037500000000000006
7 0.43359400000000003 0.964844 0.03593749999999999 0.0390625
2 0.89375 0.635938 0.015625 0.059375
2 0.9472660000000002 0.8878909999999999 0.0148437 0.05859380000000001
2 0.4359370000000001 0.642187 0.015625 0.059375
9 0.217578 0.9132809999999999 0.008593750000000002 0.053125
9 0.31835899999999995 0.758594 0.0148437 0.096875
9 0.628646374889273 0.8371090000000001 0.010418249778546081 0.06015619999999999
9 0.7804690000000001 0.858203 0.009375000000000001 0.0398437
9 0.4859379999999999 0.553516 0.10625 0.008079199114184575
9 0.10546899999999995 0.6709626251107271 0.05 0.007559948892730191
9 0.9480470000000001 0.9399774995570921 0.011718800000000005 0.05964179911418434
9 0.9445309999999999 0.5537756251107269 0.10625 0.008598449335638258
9 0.568359 0.6712222502214539 0.047656199999999996 0.009117699557091819
9 0.4363279999999999 0.5847659999999999 0.009641799114184519 0.07109380000000001
2 0.6285160000000001 0.8882809999999999 0.0148437 0.0578125
9 0.07109137533218086 0.6304690000000008 0.02344224933563825 0.140625
7 0.09960940000000001 0.632812 0.0367187 0.0390625
11 0.0742188 0.537109 0.0328125 0.05234369999999999
5 0.23828100000000002 0.7261719999999999 0.0390625 0.02734380000000001
5 0.156641 0.684375 0.0382813 0.0328125
2 0.23671899999999998 0.8105470000000001 0.05625 0.0179687
9 0.32421687533218096 0.9070331246678187 0.0078172493356382 0.04219224933563827
9 0.2089745013287235 0.7087222502214543 0.2710750026574468 0.012766699114184465
9 0.46067525022145395 0.8589839999999999 0.006773999557092234 0.03984370000000002
9 0.5822473447715396 0.7095063748892774 0.3589423104569165 0.01641094933563826
5 0.985547 0.6371090000000001 0.02734380000000001 0.0382813
5 0.521484 0.6378909999999999 0.028906299999999992 0.0382813
7 0.564453 0.632812 0.0367187 0.040624999999999994
7 0.7527340000000002 0.9652339999999998 0.0367187 0.0414063
2 0.373047 0.708984 0.0648438 0.0195312
5 0.7531249999999998 0.896875 0.03437500000000001 0.03437500000000001
9 0.704297 0.8304689999999999 0.00703125 0.037500000000000006
2 0.9097660000000002 0.807031 0.0664062 0.020312499999999997
9 0.18398399999999993 0.8106752502214537 0.06015619999999997 0.007821998671276626
9 0.6759028762179972 0.8071602502214534 0.11381924756400803 0.015367699557092291
9 0.96875 0.806381374889273 0.0625 0.015372448892730197
9 0.46523400000000004 0.8369807497785453 0.10859399999999997 0.011985499114185404
2 0.36250000000000004 0.808203 0.0625 0.0195312
9 0.7832029999999999 0.8373686251107268 0.11015599999999996 0.012247448892730195
2 0.7902339999999998 0.708984 0.0648438 0.0195312
5 0.615234 0.685547 0.0367187 0.0335938
5 0.4339839999999999 0.896875 0.0351562 0.03437500000000001
9 0.5348942502214542 0.8069006251107267 0.05521149955709229 0.015886949778545975
11 0.374609 0.395312 0.0648438 0.03437500000000001
11 0.666016 0.392969 0.09609380000000002 0.03125
9 0.038281300000000004 0.7035160000000005 0.07656250000000002 0.023704199114184466
11 0.19726599999999997 0.392969 0.06328130000000001 0.028125
9 0.07187025066436176 0.45051712555363466 0.02500949867127651 0.13646574889273042
2 0.5906249999999998 0.8074219999999996 0.0625 0.021093799999999992
11 0.8371089999999998 0.394922 0.06328130000000001 0.0335938
9 0.853906 0.807031 0.05625 0.017187500000000005
9 0.5114641423841324 0.39361650044290547 0.21824128476826435 0.02422829867127658
9 0.2863279999999999 0.3928376251107269 0.12265599999999999 0.02370904844982268
9 0.7601560000000006 0.3940075004429077 0.10156199999999999 0.02397099822836871
9 0.11562500000000002 0.39335900000000007 0.11406300000000007 0.02422829867127655
0 0.4878857506643617 0.5794231255536348 0.09454069867127654 0.04427874889273043
9 0.9312499999999995 0.39296899999999996 0.13749999999999984 0.023970998228368692
0 0.6765693740034595 0.9421848753321796 0.09376424800691321 0.04480274844982226
0 0.9475256251107266 0.5789038753321808 0.09713694977854591 0.04531724933563823
9 0.31830038575124947 0.889140077719588 0.017654507529433042 0.007788753321809081
4 0.23080672343626482 0.9582003571729599 0.04413626882358269 0.03894376660904358
1 0.2936360002321885 0.7941172871935229 0.03894376660904359 0.027520261737057378
10 0.2944148755643694 0.7608852730204733 0.03842451638758966 0.024404760408333958
4 0.5013360888137541 0.8626583164254389 0.03790526616613575 0.04102076749485795
1 0.6449087750457605 0.8317629282489309 0.02596251107269565 0.03842451638758875
10 0.6809966654368079 0.830984052916751 0.024404760408333958 0.0358282652803206
9 0.7390303429999082 0.8042917506643598 0.02034574534946627 0.009117699557092164
1 0.9649506100518603 0.832022553359658 0.026481761294149635 0.03790526616613479
1 0.9106889619099269 0.6853343657989279 0.027001011515603583 0.03946301683049745
1 0.45322951680902823 0.6848151155774741 0.027001011515603583 0.038424516387589626
2 0.4705911200065524 0.8005287488927305 0.05909880221453934 0.010937499999999996
