9 0.38164099999999995 0.995313 0.0210938 0.009375
9 0.17290911581190244 0.05351559999999992 0.008869068376194188 0.10703099999999983
2 0.5608503389742819 0.47452233897428203 0.017361622051432705 0.07439282205143292
2 0.19267944632476028 0.28096044632476 0.01579912205143342 0.07204902205143311
9 0.5605972231623799 0.15893377683761922 0.013180053675238796 0.0998709830771503
9 0.19317089264952159 0.18006421470095532 0.012095214700955427 0.13669042940191142
2 0.8046880000000001 0.516016 0.015625 0.07265630000000001
9 0.30864422316238005 0.39076288418809596 0.0135564683761947 0.10808776837619494
2 0.6959058926495219 0.5144529999999995 0.016001414700955584 0.0726562999999999
9 0.6949220000000002 0.959375 0.0164062 0.08125
9 0.6949219999999996 0.6540803220514328 0.013281299999999985 0.21215135589713147
2 0.558594 0.23906300000000003 0.021874999999999995 0.07656250000000002
9 0.9674489830771491 0.9777339999999954 0.03718012649522053 0.04140629999999978
9 0.8244395764114654 0.8417969999999859 0.25383296495221597 0.01328129999999982
2 0.5605972231623791 0.6585939999999991 0.017867553675238776 0.0741904294019118
9 0.9689607599147502 0.43984387499998834 0.043328980170458345 0.8796877499999767
9 0.5610384463247454 0.35670750128416984 0.014062499999999594 0.1649605157093179
9 0.561038446324751 0.5660928093952484 0.012389984651692158 0.1164575706084074
9 0.16987091751650638 0.1072172284584702 0.05206433316090306 0.013236694871416073
9 0.28150037759878077 0.10942334427037231 0.1764892649522123 0.01588403384569906
9 0.09442175674943448 0.16237012375603643 0.18884351349886896 0.00882446324761067
9 0.19281452196029408 0.3269463633239771 0.01323669487141609 0.025590943418070403
9 0.09662787256133726 0.3419479508449124 0.19325574512267452 0.013236694871416049
9 0.37446310936080635 0.342412268332599 0.370015721075422 0.012492814498477046
9 0.1301608329022579 0.3904824987067741 0.007942016922849642 0.09442175674943382
9 0.14560364358557698 0.39710084614248276 0.007059570598088569 0.08294995452754086
9 0.22502381281407338 0.35959687734013657 0.16413501640555916 0.006177124273327491
9 0.12883716341511664 0.4531361877648108 0.04412231623805364 0.04500476256281472
9 0.10456988948418713 0.467255328960988 0.018531372819982524 0.016766480170460375
9 0.03176806769139862 0.46769655212336864 0.017648926495221456 0.015884033845699357
9 0.02117871179426572 0.4791683543452622 0.01411914119617715 0.2664987900778435
9 0.16457623956793965 0.6053581787860949 0.2903248408463921 0.014119141196177158
9 0.4354872612695874 0.6053581787860931 0.24973230990737982 0.014119141196177116
9 0.3088562136663753 0.5563824077618562 0.012354248546655025 0.09795154204847893
9 0.2263474823012151 0.5890329217780159 0.1632525700807984 0.009706909572371808
9 0.14913342888462103 0.5947688228889619 0.010589355897132793 0.019413819144743084
9 0.46549043631146536 0.1098645674327534 0.2038451010198074 0.015001587520938225
9 0.5594709698985202 0.06309491222041669 0.015884033845699193 0.10148132734752333
9 0.37195112588679086 0.05382922581042535 0.015001587520938157 0.1076584516208507
9 0.6999682495812353 0.23649561503596747 0.022943604443787805 0.47122633742241277
6 0.7674753934254565 0.13280817187654143 0.11913025384274471 0.26561634375308285
6 0.8923415483791483 0.13236694871416088 0.11648291486846155 0.26473389742832176
9 0.8040969159030398 0.5965337155384849 0.012354248546655112 0.09530420307419502
9 0.7502676900926157 0.6419797012636789 0.1076584516208519 0.00794201692284957
9 0.8782224071829713 0.6415384781012986 0.14648608991033724 0.00882446324761067
9 0.7493852437678546 0.6666881983569888 0.1076584516208519 0.00794201692284957
9 0.8755750682086868 0.6662469751946066 0.1535456605084241 0.008824463247610641
9 0.7979197916297117 0.7138990767317065 0.012354248546655098 0.0970690957237156
2 0.797919791629714 0.7950841386097258 0.014119141196177272 0.07412549127993003
11 0.9681675066673234 0.9192561612843619 0.047780952819654846 0.09089197145039042
9 0.6955560179574298 0.842042107867768 0.014119141196177028 0.028238282392354354
2 0.6959058926495219 0.7933060386244983 0.016001414700955584 0.0726562999999999
2 0.6967883389742829 0.8877277953739332 0.016001414700955584 0.0726562999999999
9 0.0657422511946998 0.7136461676150307 0.1314845023893996 0.013236694871416084
9 0.34900752144300284 0.7136461676150286 0.4368109307567286 0.015001587520938144
9 0.1301608329022576 0.8566024722263229 0.0061771242733274865 0.2867950555473476
9 0.1456036435855766 0.8627795964996521 0.010589355897132833 0.2744408070006943
9 0.31150355264065777 0.7295302014607281 0.33532960340920626 0.007942016922848946
9 0.47519734588383644 0.8133626023130325 0.007942016922849661 0.17031214067888562
5 0.10456988948418712 0.8023320232535195 0.03971008461424828 0.03882763828948716
5 0.10721722845847034 0.8786636303453524 0.03794519196472612 0.037945191964726066
5 0.16898847119174543 0.8892529862424853 0.03794519196472612 0.037945191964726066
5 0.16678235537984276 0.8164511644496969 0.0352978529904429 0.03882763828948716
3 0.3203280158882694 0.9346989719676806 0.04588720888757578 0.040592530939009344
3 0.3203280158882694 0.9766151723938313 0.0441223162380536 0.03971008461424825
3 0.4209268969110313 0.958083799573849 0.0441223162380536 0.04853454786185858
8 0.36974501007488847 0.9536715679500418 0.05118188683614057 0.09265686409991669
3 0.37548091118583626 0.8164511644496961 0.037945191964726316 0.0423574235885315
4 0.17207703332840896 0.7537974753916602 0.049416994186620024 0.04588720888757535
4 0.10236377367228436 0.7410020036826246 0.052946779485664314 0.04676965521233609
3 0.7661517239383158 0.9695556017957427 0.04412231623805371 0.05206433316090324
3 0.9073431359000871 0.9699968249581236 0.04235742358853153 0.049416994186619954
3 0.814245048637793 0.8693979439353609 0.03971008461424822 0.04412231623805283
3 0.8658681586363167 0.861014703850131 0.05824145743423074 0.029120728717115442
3 0.9227859465834061 0.86057348068775 0.05735901110946962 0.03000317504187714
10 0.8345413141072977 0.6889376705217216 0.027355836067593228 0.03971008461424779
10 0.8438070005172902 0.619224410865597 0.026473389742832167 0.03971008461424825
10 0.9130790370110344 0.6187831877032165 0.02735583606759326 0.040592530939009344
5 0.7507089132549969 0.6236366424894022 0.03971008461424825 0.034415406665681776
5 0.748502797443093 0.6858491083850576 0.03882763828948725 0.031768067691398255
2 0.3084706900926151 0.4745223389742819 0.017361622051432705 0.07439282205143292
5 0.2612041121292775 0.5715723093284991 0.040592530939009344 0.034415406665681846
5 0.18840229033648903 0.5711310861661185 0.04147497726377043 0.03353296034092075
0 0.18575495136220582 0.3964067138634262 0.08030261555325761 0.06883081333136369
0 0.26517512059070225 0.39640671386342596 0.08030261555325761 0.06883081333136369
10 0.10765845162085087 0.39155325907724015 0.04235742358853149 0.02735583606759326
2 0.06750714384422202 0.4678848661690729 0.0608887964085141 0.014119141196177158
5 0.14869220572224068 0.1813427197384004 0.03971008461424826 0.02912072871711527
5 0.0948629799118152 0.18046027341363932 0.03971008461424826 0.02912072871711527
5 0.03926886145186763 0.18134271973840033 0.03971008461424826 0.02912072871711527
3 0.29959052725638424 0.07853772290373545 0.0414749772637704 0.047652101537097924
3 0.3428303971696768 0.07942016922849654 0.0414749772637704 0.047652101537097924
5 0.19502063777219708 0.05471167213518651 0.03882763828948719 0.04412231623805364
8 0.32076923905064986 0.028679505554734863 0.08912707880086833 0.057359011109469726
9 0.8288888888888887 0.4237037037037036 0.2474074074074074 0.09777777777777773
