8 0.4566410000000001 0.411328 0.12265599999999999 0.0648438
9 0.1457029999999998 0.4368087884521749 0.019531199999999967 0.4654454230956489
2 0.34526710577391106 0.39334303966521594 0.07821478845217446 0.019609814895653103
7 0.6226559999999999 0.392578 0.053125 0.0554687
3 0.6183589999999999 0.560156 0.0632813 0.16562500000000002
9 0.39101599999999737 0.5269140925521705 0.011763594226088536 0.2738708197478197
5 0.16953100000000002 0.290234 0.037500000000000006 0.0523437
9 0.6195310000000002 0.26406199999999996 0.0703125 0.0109375
9 0.29570299999999994 0.37382799999999994 0.0148437 0.0476562
9 0.174609 0.247656 0.0523437 0.0109375
2 0.294922 0.31679700000000005 0.0195312 0.0804688
9 0.5882810000000002 0.24296900000000002 0.0109375 0.05
9 0.22851599999999983 0.39453099999999985 0.16796899999999992 0.009419894226087612
9 0.196484 0.232812 0.00859375 0.0359375
11 0.515625 0.662109 0.148438 0.0445312
9 0.296094 0.25156300000000004 0.015625 0.0703125
9 0.26244911899565115 0.21169605288695575 0.2436492379913029 0.020357394226087427
11 0.294922 0.6601560000000001 0.0914062 0.04375
9 0.5625389074478261 0.21170203966521672 0.19992118510434578 0.021908620669565622
9 0.623828 0.661719 0.0867188 0.0359375
9 0.6566410000000001 0.43906300000000004 0.0179687 0.434375
9 0.203906 0.661328 0.10781299999999999 0.0351562
9 0.3898440000000001 0.662109 0.121875 0.0367187
3 0.23435408295356225 0.5460837756858956 0.1632456060173559 0.13321457472171086
9 0.14926616094923284 0.7104844213684683 0.02695092552173325 0.09240317321737042
0 0.18507239057096464 0.3585823366989798 0.06776232702607239 0.06622227413911613
10 0.22665381851878144 0.2415383172903092 0.03388116351303612 0.05082174526955392
1 0.2724703919057281 0.24384839662074342 0.033111137069558046 0.05236179815651019
3 0.34254279826223416 0.24461842306422155 0.08239282945215601 0.05390185104346637
4 0.5000132059535048 0.24885356850335108 0.052361798156510375 0.05929203614781297
5 0.6251425030186952 0.29159003611638545 0.04543156016520751 0.05082174526955399
3 0.42917077315352076 0.3712877730163684 0.04620158660868567 0.02387081974782095
3 0.4861527299708996 0.3712877730163684 0.04620158660868567 0.02387081974782095
3 0.42994079959699866 0.4521405495815683 0.04620158660868567 0.02387081974782095
3 0.48538270352742147 0.45445062891200266 0.04620158660868567 0.02387081974782095
8 0.5496799115578426 0.5322232997032903 0.05313182459998855 0.054671877486944645
9 0.38643430554048636 0.3943885663207113 0.01617055531303996 0.011550396652171417
8 0.16967186170140272 0.4671560652293912 0.032341110626079986 0.033881163513036154
8 0.1673617823709684 0.6265515390293569 0.032341110626079986 0.033881163513036154
3 0.19315766822748434 0.4248046108380958 0.08393288233911222 0.0492816923825978
2 0.42457982945215345 0.2108467725609065 0.08745510577391215 0.02731007933043446
