9 0.6108247422680421 0.4800257731958766 0.13917525773195882 0.030012066488065495
9 0.8113936709432653 0.4803945495481215 0.14009925605161785 0.031851833371203696
9 0.967139175257732 0.48002577319587625 0.06572164948453589 0.03221649484536075
9 0.3673592066056532 0.4793814432989696 0.26270426720106593 0.029825620872898986
9 0.24963122364775536 0.4150416764158311 0.031665387756037514 0.15740294046052733
9 0.25073549526544664 0.18363402061855666 0.032034164108282505 0.11726804123711339
9 0.2493556701030926 0.034149484536082464 0.032216494845360794 0.06829896907216493
9 0.48775773195876293 0.17268041237113405 0.014175257731958763 0.0231958762886598
9 0.37564432989690716 0.1771907216494845 0.24355670103092775 0.0141752577319588
9 0.5264175257731959 0.08772208878696486 0.07087628865979381 0.013073043553311141
9 0.48840206185566976 0.056056701030927775 0.012886597938144324 0.11211340206185555
9 0.6449742268041238 0.0891930793178578 0.06572164948453608 0.012335490848820567
9 0.6894329896907214 0.0856958762886598 0.03350515463917526 0.019329896907216492
9 0.684738292236248 0.04639175257731959 0.01859645908081452 0.09278350515463918
11 0.520618556701031 0.4787371134020617 0.0592783505154639 0.037371134020618556
11 0.7081185567010312 0.4787371134020619 0.07345360824742268 0.03994845360824742
11 0.907860824742268 0.48002577319587636 0.07603092783505154 0.037371134020618556
9 0.7860824742268042 0.08505154639175258 0.03865979381443299 0.0231958762886598
9 0.8176546391752575 0.0779639175257732 0.04252577319587629 0.00902061855670103
9 0.9065721649484537 0.0786082474226804 0.021907216494845352 0.012886597938144324
9 0.9439432989690724 0.08440721649484535 0.07345360824742196 0.021907216494845394
9 0.8620181218152289 0.12186951588400316 0.13421117904995788 0.016570246582509142
9 0.9175257731958765 0.09987113402061855 0.01804123711340206 0.060567010309278316
9 0.796207364401197 0.2782572926563339 0.01914756617013821 0.4048256208728985
9 0.6823453608247424 0.18455390406012587 0.02706185567010308 0.013073043553311322
9 0.7409793814432989 0.22551546391752558 0.10567010309278344 0.012886597938144324
9 0.6907216494845362 0.20554123711340208 0.012886597938144324 0.05025773195876289
9 0.8298969072164951 0.16365979381443296 0.06443298969072163 0.010309278350515462
9 0.8576030927835053 0.13981958762886598 0.00902061855670103 0.045103092783505154
11 0.25 0.2918814432989691 0.03092783505154639 0.11469072164948453
11 0.2519329896907217 0.09793814432989692 0.02963917525773195 0.07474226804123711
0 0.5186855670103092 0.04123711340206185 0.05798969072164941 0.0824742268041237
1 0.6520618556701031 0.06765463917525776 0.0463917525773196 0.037371134020618556
10 0.6514175257731959 0.02706185567010309 0.04768041237113402 0.03608247422680412
2 0.8685567010309277 0.07925257731958762 0.07216494845360824 0.019329896907216496
9 0.5912192918161626 0.18372518598709595 0.06240677719241666 0.008838287819622568
9 0.5624999999999999 0.21327319587628868 0.009020618556701034 0.0657216494845361
9 0.5844072164948455 0.2399662751941464 0.052835051546391745 0.007180851673562797
9 0.6068655400790154 0.3327477229097414 0.010495723965682933 0.29842207995371317
7 0.8221649484536095 0.27485331243471967 0.03977023774925692 0.044924876924515036
5 0.8234536082474228 0.19072164948453613 0.04123711340206185 0.03865979381443299
2 0.9858247422680413 0.08505154639175255 0.02835051546391768 0.03092783505154639
2 0.48840206185567 0.13402061855670103 0.015463917525773195 0.06701030927835057
5 0.5811855670103092 0.32538659793814434 0.043814432989690705 0.045103092783505154
7 0.5798969072164949 0.41172680412371143 0.0463917525773196 0.05541237113402062
2 0.6475515463917526 0.18298969072164947 0.06314432989690723 0.020618556701030924
2 0.5882731958762888 0.08956185567010308 0.06829896907216494 0.019329896907216496
4 0.5798969072164949 0.26619941279121967 0.04896907216494847 0.047498081634055486
4 0.9046391752577317 0.14884020618556693 0.04896907216494844 0.045103092783505154
2 0.7390463917525771 0.0856958762886598 0.07860824742268041 0.024484536082474233
